0,1,783,300,0.722991689751
1,2,716,367,0.661126500462
2,3,786,297,0.725761772853
3,4,789,294,0.728531855956
4,5,727,356,0.671283471837
5,6,797,286,0.735918744229
6,7,823,260,0.759926131117
7,8,802,281,0.7405355494
8,9,781,302,0.721144967682
9,10,796,287,0.734995383195
10,11,768,315,0.709141274238
11,12,823,260,0.759926131117
12,13,781,302,0.721144967682
13,14,784,299,0.723915050785
14,15,819,264,0.756232686981
15,16,786,297,0.725761772853
16,17,835,248,0.771006463527
17,18,821,262,0.758079409049
18,19,843,240,0.778393351801
19,20,786,297,0.725761772853
20,21,843,240,0.778393351801
21,22,890,193,0.821791320406
22,23,845,238,0.780240073869
23,24,853,230,0.787626962142
24,25,834,249,0.770083102493
25,26,822,261,0.759002770083
26,27,884,199,0.816251154201
27,28,888,195,0.819944598338
28,29,873,210,0.806094182825
29,30,809,274,0.746999076639
30,31,894,189,0.825484764543
31,32,885,198,0.817174515235
32,33,789,294,0.728531855956
33,34,843,240,0.778393351801
34,35,853,230,0.787626962142
35,36,868,215,0.801477377655
36,37,880,203,0.812557710065
37,38,867,216,0.80055401662
38,39,861,222,0.795013850416
39,40,857,226,0.791320406279
40,41,882,201,0.814404432133
41,42,829,254,0.765466297322
42,43,881,202,0.813481071099
43,44,877,206,0.809787626962
44,45,851,232,0.785780240074
45,46,871,212,0.804247460757
46,47,898,185,0.82917820868
47,48,891,192,0.82271468144
48,49,767,316,0.708217913204
49,50,891,192,0.82271468144
50,51,884,199,0.816251154201
51,52,892,191,0.823638042475
52,53,856,227,0.790397045245
53,54,857,226,0.791320406279
54,55,856,227,0.790397045245
55,56,872,211,0.805170821791
56,57,851,232,0.785780240074
57,58,871,212,0.804247460757
58,59,889,194,0.820867959372
59,60,861,222,0.795013850416
60,61,882,201,0.814404432133
61,62,888,195,0.819944598338
62,63,861,222,0.795013850416
63,64,870,213,0.803324099723
64,65,897,186,0.828254847645
65,66,875,208,0.807940904894
66,67,903,180,0.83379501385
67,68,896,187,0.827331486611
68,69,886,197,0.81809787627
69,70,858,225,0.792243767313
70,71,901,182,0.831948291782
71,72,903,180,0.83379501385
72,73,813,270,0.750692520776
73,74,860,223,0.794090489381
74,75,891,192,0.82271468144
75,76,875,208,0.807940904894
76,77,902,181,0.832871652816
77,78,881,202,0.813481071099
78,79,892,191,0.823638042475
79,80,857,226,0.791320406279
80,81,872,211,0.805170821791
81,82,895,188,0.826408125577
82,83,892,191,0.823638042475
83,84,899,184,0.830101569714
84,85,890,193,0.821791320406
85,86,895,188,0.826408125577
86,87,883,200,0.815327793167
87,88,893,190,0.824561403509
88,89,892,191,0.823638042475
89,90,870,213,0.803324099723
90,91,871,212,0.804247460757
91,92,877,206,0.809787626962
92,93,883,200,0.815327793167
93,94,879,204,0.81163434903
94,95,878,205,0.810710987996
95,96,889,194,0.820867959372
96,97,870,213,0.803324099723
97,98,897,186,0.828254847645
98,99,850,233,0.78485687904
99,100,847,236,0.782086795937
100,101,894,189,0.825484764543
101,102,887,196,0.819021237304
102,103,859,224,0.793167128347
103,104,855,228,0.789473684211
104,105,866,217,0.799630655586
105,106,894,189,0.825484764543
106,107,891,192,0.82271468144
107,108,869,214,0.802400738689
108,109,875,208,0.807940904894
109,110,871,212,0.804247460757
110,111,864,219,0.797783933518
111,112,872,211,0.805170821791
112,113,884,199,0.816251154201
113,114,908,175,0.838411819021
114,115,865,218,0.798707294552
115,116,902,181,0.832871652816
116,117,884,199,0.816251154201
117,118,942,141,0.869806094183
118,119,684,399,0.631578947368
119,120,720,363,0.664819944598
120,121,775,308,0.715604801477
121,122,813,270,0.750692520776
122,123,844,239,0.779316712835
123,124,710,373,0.655586334257
124,125,841,242,0.776546629732
125,126,801,282,0.739612188366
126,127,681,402,0.628808864266
127,128,791,292,0.730378578024
128,129,820,263,0.757156048015
129,130,742,341,0.68513388735
130,131,781,302,0.721144967682
131,132,745,338,0.687903970452
132,133,825,258,0.761772853186
133,134,778,305,0.71837488458
134,135,753,330,0.695290858726
135,136,818,265,0.755309325946
136,137,685,398,0.632502308403
137,138,766,317,0.70729455217
138,139,775,308,0.715604801477
139,140,795,288,0.734072022161
140,141,817,266,0.754385964912
141,142,817,266,0.754385964912
142,143,760,323,0.701754385965
143,144,832,251,0.768236380425
144,145,830,253,0.766389658356
145,146,828,255,0.764542936288
146,147,828,255,0.764542936288
147,148,854,229,0.788550323176
148,149,764,319,0.705447830102
149,150,790,293,0.72945521699
150,151,799,284,0.737765466297
151,152,740,343,0.683287165282
152,153,794,289,0.733148661127
153,154,752,331,0.694367497692
154,155,831,252,0.767313019391
155,156,841,242,0.776546629732
156,157,883,200,0.815327793167
157,158,761,322,0.702677746999
158,159,767,316,0.708217913204
159,160,837,246,0.772853185596
160,161,821,262,0.758079409049
161,162,859,224,0.793167128347
162,163,817,266,0.754385964912
163,164,877,206,0.809787626962
164,165,862,221,0.79593721145
165,166,850,233,0.78485687904
166,167,858,225,0.792243767313
167,168,788,295,0.727608494922
168,169,784,299,0.723915050785
169,170,644,439,0.594644506002
170,171,648,435,0.598337950139
171,172,815,268,0.752539242844
172,173,786,297,0.725761772853
173,174,780,303,0.720221606648
174,175,828,255,0.764542936288
175,176,801,282,0.739612188366
176,177,772,311,0.712834718375
177,178,787,296,0.726685133887
178,179,776,307,0.716528162512
179,180,789,294,0.728531855956
180,181,860,223,0.794090489381
181,182,742,341,0.68513388735
182,183,857,226,0.791320406279
183,184,840,243,0.775623268698
184,185,875,208,0.807940904894
185,186,852,231,0.786703601108
186,187,851,232,0.785780240074
187,188,855,228,0.789473684211
188,189,825,258,0.761772853186
189,190,764,319,0.705447830102
190,191,806,277,0.744228993536
191,192,807,276,0.745152354571
192,193,815,268,0.752539242844
193,194,829,254,0.765466297322
194,195,799,284,0.737765466297
195,196,804,279,0.742382271468
196,197,827,256,0.763619575254
197,198,814,269,0.75161588181
198,199,817,266,0.754385964912
199,200,843,240,0.778393351801
200,201,851,232,0.785780240074
201,202,839,244,0.774699907664
202,203,828,255,0.764542936288
203,204,845,238,0.780240073869
204,205,862,221,0.79593721145
205,206,815,268,0.752539242844
206,207,863,220,0.796860572484
207,208,759,324,0.700831024931
208,209,817,266,0.754385964912
209,210,740,343,0.683287165282
210,211,844,239,0.779316712835
211,212,847,236,0.782086795937
212,213,771,312,0.711911357341
213,214,784,299,0.723915050785
214,215,797,286,0.735918744229
215,216,813,270,0.750692520776
216,217,766,317,0.70729455217
217,218,692,391,0.638965835642
218,219,669,414,0.617728531856
219,220,847,236,0.782086795937
220,221,803,280,0.741458910434
221,222,642,441,0.592797783934
222,223,736,347,0.679593721145
223,224,746,337,0.688827331487
224,225,789,294,0.728531855956
225,226,760,323,0.701754385965
226,227,707,376,0.652816251154
227,228,707,376,0.652816251154
228,229,870,213,0.803324099723
229,230,777,306,0.717451523546
230,231,796,287,0.734995383195
231,232,846,237,0.781163434903
232,233,796,287,0.734995383195
233,234,850,233,0.78485687904
234,235,810,273,0.747922437673
235,236,713,370,0.658356417359
236,237,634,449,0.58541089566
237,238,682,401,0.6297322253
238,239,749,334,0.691597414589
239,240,614,469,0.566943674977
240,241,725,358,0.669436749769
241,242,721,362,0.665743305633
242,243,774,309,0.714681440443
243,244,821,262,0.758079409049
244,245,719,364,0.663896583564
245,246,785,298,0.724838411819
246,247,756,327,0.698060941828
247,248,717,366,0.662049861496
248,249,803,280,0.741458910434
249,250,735,348,0.678670360111
250,251,753,330,0.695290858726
251,252,805,278,0.743305632502
252,253,846,237,0.781163434903
253,254,895,188,0.826408125577
254,255,767,316,0.708217913204
255,256,750,333,0.692520775623
256,257,788,295,0.727608494922
257,258,685,398,0.632502308403
258,259,765,318,0.706371191136
259,260,797,286,0.735918744229
260,261,809,274,0.746999076639
261,262,790,293,0.72945521699
262,263,845,238,0.780240073869
263,264,813,270,0.750692520776
264,265,796,287,0.734995383195
265,266,746,337,0.688827331487
266,267,773,310,0.713758079409
267,268,833,250,0.769159741459
268,269,815,268,0.752539242844
269,270,779,304,0.719298245614
270,271,702,381,0.648199445983
271,272,730,353,0.67405355494
272,273,781,302,0.721144967682
273,274,780,303,0.720221606648
274,275,794,289,0.733148661127
275,276,850,233,0.78485687904
276,277,810,273,0.747922437673
277,278,871,212,0.804247460757
278,279,821,262,0.758079409049
279,280,848,235,0.783010156971
280,281,848,235,0.783010156971
281,282,829,254,0.765466297322
282,283,870,213,0.803324099723
283,284,848,235,0.783010156971
284,285,856,227,0.790397045245
285,286,890,193,0.821791320406
286,287,902,181,0.832871652816
287,288,849,234,0.783933518006
288,289,855,228,0.789473684211
289,290,900,183,0.831024930748
290,291,841,242,0.776546629732
291,292,881,202,0.813481071099
292,293,879,204,0.81163434903
293,294,873,210,0.806094182825
294,295,893,190,0.824561403509
295,296,893,190,0.824561403509
296,297,895,188,0.826408125577
297,298,849,234,0.783933518006
298,299,830,253,0.766389658356
299,300,858,225,0.792243767313
300,301,834,249,0.770083102493
301,302,849,234,0.783933518006
302,303,860,223,0.794090489381
303,304,875,208,0.807940904894
304,305,858,225,0.792243767313
305,306,894,189,0.825484764543
306,307,885,198,0.817174515235
307,308,918,165,0.847645429363
308,309,870,213,0.803324099723
309,310,870,213,0.803324099723
310,311,854,229,0.788550323176
311,312,878,205,0.810710987996
312,313,900,183,0.831024930748
313,314,921,162,0.850415512465
314,315,890,193,0.821791320406
315,316,875,208,0.807940904894
316,317,875,208,0.807940904894
317,318,856,227,0.790397045245
318,319,902,181,0.832871652816
319,320,863,220,0.796860572484
320,321,872,211,0.805170821791
321,322,910,173,0.84025854109
322,323,847,236,0.782086795937
323,324,878,205,0.810710987996
324,325,832,251,0.768236380425
325,326,868,215,0.801477377655
326,327,866,217,0.799630655586
327,328,724,359,0.668513388735
328,329,867,216,0.80055401662
329,330,850,233,0.78485687904
330,331,868,215,0.801477377655
331,332,907,176,0.837488457987
332,333,882,201,0.814404432133
333,334,887,196,0.819021237304
334,335,855,228,0.789473684211
335,336,862,221,0.79593721145
336,337,879,204,0.81163434903
337,338,865,218,0.798707294552
338,339,901,182,0.831948291782
339,340,921,162,0.850415512465
340,341,856,227,0.790397045245
341,342,883,200,0.815327793167
342,343,904,179,0.834718374885
343,344,880,203,0.812557710065
344,345,879,204,0.81163434903
345,346,888,195,0.819944598338
346,347,869,214,0.802400738689
347,348,876,207,0.808864265928
348,349,889,194,0.820867959372
349,350,891,192,0.82271468144
350,351,923,160,0.852262234534
351,352,894,189,0.825484764543
352,353,886,197,0.81809787627
353,354,925,158,0.854108956602
354,355,856,227,0.790397045245
355,356,886,197,0.81809787627
356,357,908,175,0.838411819021
357,358,919,164,0.848568790397
358,359,892,191,0.823638042475
359,360,893,190,0.824561403509
360,361,794,289,0.733148661127
361,362,899,184,0.830101569714
362,363,900,183,0.831024930748
363,364,875,208,0.807940904894
364,365,828,255,0.764542936288
365,366,853,230,0.787626962142
366,367,891,192,0.82271468144
367,368,894,189,0.825484764543
368,369,879,204,0.81163434903
369,370,837,246,0.772853185596
370,371,908,175,0.838411819021
371,372,877,206,0.809787626962
372,373,897,186,0.828254847645
373,374,905,178,0.835641735919
374,375,926,157,0.855032317636
375,376,879,204,0.81163434903
376,377,885,198,0.817174515235
377,378,933,150,0.861495844875
378,379,928,155,0.856879039705
379,380,924,159,0.853185595568
380,381,932,151,0.860572483841
381,382,900,183,0.831024930748
382,383,884,199,0.816251154201
383,384,931,152,0.859649122807
384,385,903,180,0.83379501385
385,386,910,173,0.84025854109
386,387,889,194,0.820867959372
387,388,926,157,0.855032317636
388,389,952,131,0.879039704524
389,390,921,162,0.850415512465
390,391,928,155,0.856879039705
391,392,949,134,0.876269621422
392,393,905,178,0.835641735919
393,394,925,158,0.854108956602
394,395,900,183,0.831024930748
395,396,900,183,0.831024930748
396,397,920,163,0.849492151431
397,398,903,180,0.83379501385
398,399,917,166,0.846722068329
