0,1,722,361,0.666666666667
1,2,731,352,0.674976915974
2,3,805,278,0.743305632502
3,4,805,278,0.743305632502
4,5,788,295,0.727608494922
5,6,786,297,0.725761772853
6,7,839,244,0.774699907664
7,8,844,239,0.779316712835
8,9,819,264,0.756232686981
9,10,828,255,0.764542936288
10,11,859,224,0.793167128347
11,12,817,266,0.754385964912
12,13,818,265,0.755309325946
13,14,808,275,0.746075715605
14,15,792,291,0.731301939058
15,16,807,276,0.745152354571
16,17,819,264,0.756232686981
17,18,803,280,0.741458910434
18,19,828,255,0.764542936288
19,20,865,218,0.798707294552
20,21,763,320,0.704524469067
21,22,886,197,0.81809787627
22,23,834,249,0.770083102493
23,24,865,218,0.798707294552
24,25,846,237,0.781163434903
25,26,856,227,0.790397045245
26,27,856,227,0.790397045245
27,28,841,242,0.776546629732
28,29,837,246,0.772853185596
29,30,810,273,0.747922437673
30,31,857,226,0.791320406279
31,32,874,209,0.80701754386
32,33,826,257,0.76269621422
33,34,850,233,0.78485687904
34,35,841,242,0.776546629732
35,36,863,220,0.796860572484
36,37,839,244,0.774699907664
37,38,839,244,0.774699907664
38,39,853,230,0.787626962142
39,40,858,225,0.792243767313
40,41,853,230,0.787626962142
41,42,846,237,0.781163434903
42,43,866,217,0.799630655586
43,44,816,267,0.753462603878
44,45,822,261,0.759002770083
45,46,851,232,0.785780240074
46,47,885,198,0.817174515235
47,48,893,190,0.824561403509
48,49,810,273,0.747922437673
49,50,866,217,0.799630655586
50,51,873,210,0.806094182825
51,52,880,203,0.812557710065
52,53,852,231,0.786703601108
53,54,862,221,0.79593721145
54,55,879,204,0.81163434903
55,56,874,209,0.80701754386
56,57,847,236,0.782086795937
57,58,851,232,0.785780240074
58,59,852,231,0.786703601108
59,60,845,238,0.780240073869
60,61,858,225,0.792243767313
61,62,883,200,0.815327793167
62,63,848,235,0.783010156971
63,64,859,224,0.793167128347
64,65,889,194,0.820867959372
65,66,866,217,0.799630655586
66,67,880,203,0.812557710065
67,68,886,197,0.81809787627
68,69,890,193,0.821791320406
69,70,849,234,0.783933518006
70,71,876,207,0.808864265928
71,72,865,218,0.798707294552
72,73,839,244,0.774699907664
73,74,827,256,0.763619575254
74,75,883,200,0.815327793167
75,76,837,246,0.772853185596
76,77,878,205,0.810710987996
77,78,882,201,0.814404432133
78,79,890,193,0.821791320406
79,80,860,223,0.794090489381
80,81,840,243,0.775623268698
81,82,866,217,0.799630655586
82,83,883,200,0.815327793167
83,84,898,185,0.82917820868
84,85,903,180,0.83379501385
85,86,892,191,0.823638042475
86,87,876,207,0.808864265928
87,88,873,210,0.806094182825
88,89,875,208,0.807940904894
89,90,840,243,0.775623268698
90,91,867,216,0.80055401662
91,92,891,192,0.82271468144
92,93,866,217,0.799630655586
93,94,899,184,0.830101569714
94,95,893,190,0.824561403509
95,96,884,199,0.816251154201
96,97,854,229,0.788550323176
97,98,896,187,0.827331486611
98,99,874,209,0.80701754386
99,100,910,173,0.84025854109
100,101,903,180,0.83379501385
101,102,893,190,0.824561403509
102,103,865,218,0.798707294552
103,104,882,201,0.814404432133
104,105,887,196,0.819021237304
105,106,909,174,0.839335180055
106,107,915,168,0.84487534626
107,108,870,213,0.803324099723
108,109,904,179,0.834718374885
109,110,870,213,0.803324099723
110,111,905,178,0.835641735919
111,112,876,207,0.808864265928
112,113,898,185,0.82917820868
113,114,908,175,0.838411819021
114,115,852,231,0.786703601108
115,116,905,178,0.835641735919
116,117,926,157,0.855032317636
117,118,946,137,0.873499538319
118,119,704,379,0.650046168052
119,120,750,333,0.692520775623
120,121,792,291,0.731301939058
121,122,765,318,0.706371191136
122,123,815,268,0.752539242844
123,124,724,359,0.668513388735
124,125,814,269,0.75161588181
125,126,809,274,0.746999076639
126,127,623,460,0.575253924284
127,128,797,286,0.735918744229
128,129,805,278,0.743305632502
129,130,740,343,0.683287165282
130,131,767,316,0.708217913204
131,132,734,349,0.677746999077
132,133,834,249,0.770083102493
133,134,769,314,0.710064635272
134,135,722,361,0.666666666667
135,136,719,364,0.663896583564
136,137,660,423,0.609418282548
137,138,740,343,0.683287165282
138,139,749,334,0.691597414589
139,140,812,271,0.749769159741
140,141,801,282,0.739612188366
141,142,816,267,0.753462603878
142,143,761,322,0.702677746999
143,144,832,251,0.768236380425
144,145,832,251,0.768236380425
145,146,841,242,0.776546629732
146,147,814,269,0.75161588181
147,148,873,210,0.806094182825
148,149,791,292,0.730378578024
149,150,798,285,0.736842105263
150,151,805,278,0.743305632502
151,152,712,371,0.657433056325
152,153,815,268,0.752539242844
153,154,778,305,0.71837488458
154,155,847,236,0.782086795937
155,156,764,319,0.705447830102
156,157,880,203,0.812557710065
157,158,771,312,0.711911357341
158,159,780,303,0.720221606648
159,160,839,244,0.774699907664
160,161,809,274,0.746999076639
161,162,868,215,0.801477377655
162,163,835,248,0.771006463527
163,164,871,212,0.804247460757
164,165,882,201,0.814404432133
165,166,855,228,0.789473684211
166,167,828,255,0.764542936288
167,168,781,302,0.721144967682
168,169,810,273,0.747922437673
169,170,611,472,0.564173591874
170,171,664,419,0.613111726685
171,172,849,234,0.783933518006
172,173,812,271,0.749769159741
173,174,765,318,0.706371191136
174,175,784,299,0.723915050785
175,176,783,300,0.722991689751
176,177,745,338,0.687903970452
177,178,827,256,0.763619575254
178,179,781,302,0.721144967682
179,180,759,324,0.700831024931
180,181,801,282,0.739612188366
181,182,763,320,0.704524469067
182,183,862,221,0.79593721145
183,184,849,234,0.783933518006
184,185,885,198,0.817174515235
185,186,867,216,0.80055401662
186,187,832,251,0.768236380425
187,188,837,246,0.772853185596
188,189,801,282,0.739612188366
189,190,758,325,0.699907663897
190,191,783,300,0.722991689751
191,192,778,305,0.71837488458
192,193,796,287,0.734995383195
193,194,824,259,0.760849492151
194,195,791,292,0.730378578024
195,196,795,288,0.734072022161
196,197,814,269,0.75161588181
197,198,814,269,0.75161588181
198,199,807,276,0.745152354571
199,200,820,263,0.757156048015
200,201,848,235,0.783010156971
201,202,842,241,0.777469990766
202,203,809,274,0.746999076639
203,204,841,242,0.776546629732
204,205,869,214,0.802400738689
205,206,820,263,0.757156048015
206,207,871,212,0.804247460757
207,208,762,321,0.703601108033
208,209,767,316,0.708217913204
209,210,772,311,0.712834718375
210,211,788,295,0.727608494922
211,212,835,248,0.771006463527
212,213,783,300,0.722991689751
213,214,728,355,0.672206832872
214,215,791,292,0.730378578024
215,216,795,288,0.734072022161
216,217,763,320,0.704524469067
217,218,718,365,0.66297322253
218,219,699,384,0.645429362881
219,220,652,431,0.602031394275
220,221,813,270,0.750692520776
221,222,684,399,0.631578947368
222,223,712,371,0.657433056325
223,224,676,407,0.624192059095
224,225,803,280,0.741458910434
225,226,741,342,0.684210526316
226,227,720,363,0.664819944598
227,228,668,415,0.616805170822
228,229,869,214,0.802400738689
229,230,767,316,0.708217913204
230,231,815,268,0.752539242844
231,232,853,230,0.787626962142
232,233,803,280,0.741458910434
233,234,869,214,0.802400738689
234,235,798,285,0.736842105263
235,236,753,330,0.695290858726
236,237,657,426,0.606648199446
237,238,709,374,0.654662973223
238,239,750,333,0.692520775623
239,240,739,344,0.682363804247
240,241,707,376,0.652816251154
241,242,740,343,0.683287165282
242,243,785,298,0.724838411819
243,244,806,277,0.744228993536
244,245,696,387,0.642659279778
245,246,812,271,0.749769159741
246,247,767,316,0.708217913204
247,248,726,357,0.670360110803
248,249,816,267,0.753462603878
249,250,739,344,0.682363804247
250,251,775,308,0.715604801477
251,252,794,289,0.733148661127
252,253,838,245,0.77377654663
253,254,893,190,0.824561403509
254,255,758,325,0.699907663897
255,256,743,340,0.686057248384
256,257,764,319,0.705447830102
257,258,657,426,0.606648199446
258,259,794,289,0.733148661127
259,260,775,308,0.715604801477
260,261,810,273,0.747922437673
261,262,804,279,0.742382271468
262,263,812,271,0.749769159741
263,264,815,268,0.752539242844
264,265,804,279,0.742382271468
265,266,787,296,0.726685133887
266,267,751,332,0.693444136657
267,268,823,260,0.759926131117
268,269,820,263,0.757156048015
269,270,773,310,0.713758079409
270,271,697,386,0.643582640813
271,272,740,343,0.683287165282
272,273,782,301,0.722068328717
273,274,797,286,0.735918744229
274,275,800,283,0.738688827331
275,276,852,231,0.786703601108
276,277,779,304,0.719298245614
277,278,870,213,0.803324099723
278,279,830,253,0.766389658356
279,280,826,257,0.76269621422
280,281,845,238,0.780240073869
281,282,874,209,0.80701754386
282,283,863,220,0.796860572484
283,284,838,245,0.77377654663
284,285,830,253,0.766389658356
285,286,898,185,0.82917820868
286,287,865,218,0.798707294552
287,288,852,231,0.786703601108
288,289,882,201,0.814404432133
289,290,869,214,0.802400738689
290,291,877,206,0.809787626962
291,292,870,213,0.803324099723
292,293,844,239,0.779316712835
293,294,867,216,0.80055401662
294,295,866,217,0.799630655586
295,296,870,213,0.803324099723
296,297,897,186,0.828254847645
297,298,858,225,0.792243767313
298,299,862,221,0.79593721145
299,300,810,273,0.747922437673
300,301,829,254,0.765466297322
301,302,870,213,0.803324099723
302,303,826,257,0.76269621422
303,304,846,237,0.781163434903
304,305,855,228,0.789473684211
305,306,857,226,0.791320406279
306,307,899,184,0.830101569714
307,308,907,176,0.837488457987
308,309,840,243,0.775623268698
309,310,862,221,0.79593721145
310,311,886,197,0.81809787627
311,312,855,228,0.789473684211
312,313,893,190,0.824561403509
313,314,906,177,0.836565096953
314,315,884,199,0.816251154201
315,316,879,204,0.81163434903
316,317,862,221,0.79593721145
317,318,837,246,0.772853185596
318,319,890,193,0.821791320406
319,320,877,206,0.809787626962
320,321,825,258,0.761772853186
321,322,905,178,0.835641735919
322,323,836,247,0.771929824561
323,324,868,215,0.801477377655
324,325,851,232,0.785780240074
325,326,863,220,0.796860572484
326,327,842,241,0.777469990766
327,328,705,378,0.650969529086
328,329,878,205,0.810710987996
329,330,867,216,0.80055401662
330,331,881,202,0.813481071099
331,332,889,194,0.820867959372
332,333,867,216,0.80055401662
333,334,892,191,0.823638042475
334,335,835,248,0.771006463527
335,336,848,235,0.783010156971
336,337,867,216,0.80055401662
337,338,870,213,0.803324099723
338,339,881,202,0.813481071099
339,340,903,180,0.83379501385
340,341,858,225,0.792243767313
341,342,889,194,0.820867959372
342,343,882,201,0.814404432133
343,344,852,231,0.786703601108
344,345,861,222,0.795013850416
345,346,894,189,0.825484764543
346,347,873,210,0.806094182825
347,348,870,213,0.803324099723
348,349,864,219,0.797783933518
349,350,892,191,0.823638042475
350,351,916,167,0.845798707295
351,352,876,207,0.808864265928
352,353,878,205,0.810710987996
353,354,915,168,0.84487534626
354,355,874,209,0.80701754386
355,356,885,198,0.817174515235
356,357,885,198,0.817174515235
357,358,917,166,0.846722068329
358,359,879,204,0.81163434903
359,360,885,198,0.817174515235
360,361,848,235,0.783010156971
361,362,906,177,0.836565096953
362,363,912,171,0.842105263158
363,364,882,201,0.814404432133
364,365,837,246,0.772853185596
365,366,864,219,0.797783933518
366,367,914,169,0.843951985226
367,368,904,179,0.834718374885
368,369,900,183,0.831024930748
369,370,874,209,0.80701754386
370,371,898,185,0.82917820868
371,372,906,177,0.836565096953
372,373,901,182,0.831948291782
373,374,935,148,0.863342566944
374,375,907,176,0.837488457987
375,376,887,196,0.819021237304
376,377,898,185,0.82917820868
377,378,905,178,0.835641735919
378,379,923,160,0.852262234534
379,380,938,145,0.866112650046
380,381,929,154,0.857802400739
381,382,885,198,0.817174515235
382,383,888,195,0.819944598338
383,384,905,178,0.835641735919
384,385,914,169,0.843951985226
385,386,915,168,0.84487534626
386,387,921,162,0.850415512465
387,388,931,152,0.859649122807
388,389,949,134,0.876269621422
389,390,908,175,0.838411819021
390,391,938,145,0.866112650046
391,392,950,133,0.877192982456
392,393,912,171,0.842105263158
393,394,935,148,0.863342566944
394,395,907,176,0.837488457987
395,396,893,190,0.824561403509
396,397,919,164,0.848568790397
397,398,914,169,0.843951985226
398,399,902,181,0.832871652816
