0,1,770,313,0.710987996307
1,2,727,356,0.671283471837
2,3,754,329,0.69621421976
3,4,783,300,0.722991689751
4,5,744,339,0.686980609418
5,6,829,254,0.765466297322
6,7,815,268,0.752539242844
7,8,802,281,0.7405355494
8,9,762,321,0.703601108033
9,10,834,249,0.770083102493
10,11,823,260,0.759926131117
11,12,829,254,0.765466297322
12,13,828,255,0.764542936288
13,14,807,276,0.745152354571
14,15,765,318,0.706371191136
15,16,826,257,0.76269621422
16,17,772,311,0.712834718375
17,18,793,290,0.732225300092
18,19,822,261,0.759002770083
19,20,787,296,0.726685133887
20,21,809,274,0.746999076639
21,22,856,227,0.790397045245
22,23,835,248,0.771006463527
23,24,835,248,0.771006463527
24,25,812,271,0.749769159741
25,26,824,259,0.760849492151
26,27,850,233,0.78485687904
27,28,790,293,0.72945521699
28,29,827,256,0.763619575254
29,30,834,249,0.770083102493
30,31,831,252,0.767313019391
31,32,886,197,0.81809787627
32,33,861,222,0.795013850416
33,34,843,240,0.778393351801
34,35,847,236,0.782086795937
35,36,866,217,0.799630655586
36,37,873,210,0.806094182825
37,38,858,225,0.792243767313
38,39,875,208,0.807940904894
39,40,832,251,0.768236380425
40,41,870,213,0.803324099723
41,42,848,235,0.783010156971
42,43,880,203,0.812557710065
43,44,871,212,0.804247460757
44,45,826,257,0.76269621422
45,46,843,240,0.778393351801
46,47,868,215,0.801477377655
47,48,811,272,0.748845798707
48,49,833,250,0.769159741459
49,50,888,195,0.819944598338
50,51,885,198,0.817174515235
51,52,894,189,0.825484764543
52,53,863,220,0.796860572484
53,54,879,204,0.81163434903
54,55,864,219,0.797783933518
55,56,876,207,0.808864265928
56,57,857,226,0.791320406279
57,58,868,215,0.801477377655
58,59,889,194,0.820867959372
59,60,859,224,0.793167128347
60,61,850,233,0.78485687904
61,62,870,213,0.803324099723
62,63,866,217,0.799630655586
63,64,887,196,0.819021237304
64,65,884,199,0.816251154201
65,66,880,203,0.812557710065
66,67,903,180,0.83379501385
67,68,892,191,0.823638042475
68,69,900,183,0.831024930748
69,70,865,218,0.798707294552
70,71,885,198,0.817174515235
71,72,879,204,0.81163434903
72,73,850,233,0.78485687904
73,74,857,226,0.791320406279
74,75,881,202,0.813481071099
75,76,863,220,0.796860572484
76,77,898,185,0.82917820868
77,78,876,207,0.808864265928
78,79,865,218,0.798707294552
79,80,865,218,0.798707294552
80,81,895,188,0.826408125577
81,82,899,184,0.830101569714
82,83,871,212,0.804247460757
83,84,891,192,0.82271468144
84,85,902,181,0.832871652816
85,86,900,183,0.831024930748
86,87,896,187,0.827331486611
87,88,888,195,0.819944598338
88,89,913,170,0.843028624192
89,90,855,228,0.789473684211
90,91,884,199,0.816251154201
91,92,875,208,0.807940904894
92,93,875,208,0.807940904894
93,94,916,167,0.845798707295
94,95,901,182,0.831948291782
95,96,872,211,0.805170821791
96,97,840,243,0.775623268698
97,98,912,171,0.842105263158
98,99,872,211,0.805170821791
99,100,873,210,0.806094182825
100,101,887,196,0.819021237304
101,102,884,199,0.816251154201
102,103,873,210,0.806094182825
103,104,895,188,0.826408125577
104,105,870,213,0.803324099723
105,106,909,174,0.839335180055
106,107,900,183,0.831024930748
107,108,851,232,0.785780240074
108,109,899,184,0.830101569714
109,110,863,220,0.796860572484
110,111,886,197,0.81809787627
111,112,863,220,0.796860572484
112,113,884,199,0.816251154201
113,114,907,176,0.837488457987
114,115,882,201,0.814404432133
115,116,884,199,0.816251154201
116,117,913,170,0.843028624192
117,118,942,141,0.869806094183
118,119,714,369,0.659279778393
119,120,690,393,0.637119113573
120,121,766,317,0.70729455217
121,122,824,259,0.760849492151
122,123,804,279,0.742382271468
123,124,730,353,0.67405355494
124,125,822,261,0.759002770083
125,126,816,267,0.753462603878
126,127,735,348,0.678670360111
127,128,789,294,0.728531855956
128,129,792,291,0.731301939058
129,130,743,340,0.686057248384
130,131,768,315,0.709141274238
131,132,782,301,0.722068328717
132,133,851,232,0.785780240074
133,134,798,285,0.736842105263
134,135,745,338,0.687903970452
135,136,791,292,0.730378578024
136,137,653,430,0.602954755309
137,138,753,330,0.695290858726
138,139,741,342,0.684210526316
139,140,771,312,0.711911357341
140,141,781,302,0.721144967682
141,142,817,266,0.754385964912
142,143,737,346,0.680517082179
143,144,814,269,0.75161588181
144,145,841,242,0.776546629732
145,146,839,244,0.774699907664
146,147,843,240,0.778393351801
147,148,830,253,0.766389658356
148,149,747,336,0.689750692521
149,150,763,320,0.704524469067
150,151,825,258,0.761772853186
151,152,723,360,0.667590027701
152,153,781,302,0.721144967682
153,154,772,311,0.712834718375
154,155,848,235,0.783010156971
155,156,832,251,0.768236380425
156,157,884,199,0.816251154201
157,158,741,342,0.684210526316
158,159,772,311,0.712834718375
159,160,846,237,0.781163434903
160,161,829,254,0.765466297322
161,162,873,210,0.806094182825
162,163,830,253,0.766389658356
163,164,879,204,0.81163434903
164,165,857,226,0.791320406279
165,166,855,228,0.789473684211
166,167,831,252,0.767313019391
167,168,751,332,0.693444136657
168,169,754,329,0.69621421976
169,170,586,497,0.54108956602
170,171,668,415,0.616805170822
171,172,828,255,0.764542936288
172,173,866,217,0.799630655586
173,174,789,294,0.728531855956
174,175,834,249,0.770083102493
175,176,788,295,0.727608494922
176,177,742,341,0.68513388735
177,178,821,262,0.758079409049
178,179,800,283,0.738688827331
179,180,797,286,0.735918744229
180,181,879,204,0.81163434903
181,182,754,329,0.69621421976
182,183,863,220,0.796860572484
183,184,863,220,0.796860572484
184,185,877,206,0.809787626962
185,186,801,282,0.739612188366
186,187,811,272,0.748845798707
187,188,848,235,0.783010156971
188,189,832,251,0.768236380425
189,190,799,284,0.737765466297
190,191,804,279,0.742382271468
191,192,788,295,0.727608494922
192,193,832,251,0.768236380425
193,194,825,258,0.761772853186
194,195,808,275,0.746075715605
195,196,816,267,0.753462603878
196,197,829,254,0.765466297322
197,198,808,275,0.746075715605
198,199,825,258,0.761772853186
199,200,841,242,0.776546629732
200,201,853,230,0.787626962142
201,202,845,238,0.780240073869
202,203,816,267,0.753462603878
203,204,830,253,0.766389658356
204,205,847,236,0.782086795937
205,206,817,266,0.754385964912
206,207,858,225,0.792243767313
207,208,754,329,0.69621421976
208,209,781,302,0.721144967682
209,210,766,317,0.70729455217
210,211,800,283,0.738688827331
211,212,836,247,0.771929824561
212,213,777,306,0.717451523546
213,214,801,282,0.739612188366
214,215,813,270,0.750692520776
215,216,835,248,0.771006463527
216,217,759,324,0.700831024931
217,218,709,374,0.654662973223
218,219,664,419,0.613111726685
219,220,700,383,0.646352723915
220,221,781,302,0.721144967682
221,222,664,419,0.613111726685
222,223,736,347,0.679593721145
223,224,714,369,0.659279778393
224,225,777,306,0.717451523546
225,226,746,337,0.688827331487
226,227,736,347,0.679593721145
227,228,680,403,0.627885503232
228,229,872,211,0.805170821791
229,230,780,303,0.720221606648
230,231,808,275,0.746075715605
231,232,848,235,0.783010156971
232,233,783,300,0.722991689751
233,234,804,279,0.742382271468
234,235,816,267,0.753462603878
235,236,719,364,0.663896583564
236,237,657,426,0.606648199446
237,238,739,344,0.682363804247
238,239,767,316,0.708217913204
239,240,727,356,0.671283471837
240,241,709,374,0.654662973223
241,242,791,292,0.730378578024
242,243,775,308,0.715604801477
243,244,818,265,0.755309325946
244,245,690,393,0.637119113573
245,246,796,287,0.734995383195
246,247,758,325,0.699907663897
247,248,697,386,0.643582640813
248,249,786,297,0.725761772853
249,250,747,336,0.689750692521
250,251,764,319,0.705447830102
251,252,800,283,0.738688827331
252,253,837,246,0.772853185596
253,254,886,197,0.81809787627
254,255,781,302,0.721144967682
255,256,763,320,0.704524469067
256,257,763,320,0.704524469067
257,258,693,390,0.639889196676
258,259,804,279,0.742382271468
259,260,754,329,0.69621421976
260,261,783,300,0.722991689751
261,262,779,304,0.719298245614
262,263,820,263,0.757156048015
263,264,809,274,0.746999076639
264,265,797,286,0.735918744229
265,266,788,295,0.727608494922
266,267,769,314,0.710064635272
267,268,831,252,0.767313019391
268,269,801,282,0.739612188366
269,270,801,282,0.739612188366
270,271,693,390,0.639889196676
271,272,750,333,0.692520775623
272,273,776,307,0.716528162512
273,274,788,295,0.727608494922
274,275,811,272,0.748845798707
275,276,861,222,0.795013850416
276,277,754,329,0.69621421976
277,278,874,209,0.80701754386
278,279,836,247,0.771929824561
279,280,784,299,0.723915050785
280,281,830,253,0.766389658356
281,282,845,238,0.780240073869
282,283,864,219,0.797783933518
283,284,808,275,0.746075715605
284,285,838,245,0.77377654663
285,286,861,222,0.795013850416
286,287,876,207,0.808864265928
287,288,843,240,0.778393351801
288,289,834,249,0.770083102493
289,290,872,211,0.805170821791
290,291,861,222,0.795013850416
291,292,844,239,0.779316712835
292,293,835,248,0.771006463527
293,294,843,240,0.778393351801
294,295,883,200,0.815327793167
295,296,872,211,0.805170821791
296,297,859,224,0.793167128347
297,298,843,240,0.778393351801
298,299,826,257,0.76269621422
299,300,841,242,0.776546629732
300,301,806,277,0.744228993536
301,302,787,296,0.726685133887
302,303,846,237,0.781163434903
303,304,848,235,0.783010156971
304,305,854,229,0.788550323176
305,306,894,189,0.825484764543
306,307,874,209,0.80701754386
307,308,880,203,0.812557710065
308,309,855,228,0.789473684211
309,310,840,243,0.775623268698
310,311,884,199,0.816251154201
311,312,884,199,0.816251154201
312,313,887,196,0.819021237304
313,314,917,166,0.846722068329
314,315,877,206,0.809787626962
315,316,865,218,0.798707294552
316,317,837,246,0.772853185596
317,318,842,241,0.777469990766
318,319,900,183,0.831024930748
319,320,860,223,0.794090489381
320,321,813,270,0.750692520776
321,322,889,194,0.820867959372
322,323,859,224,0.793167128347
323,324,856,227,0.790397045245
324,325,820,263,0.757156048015
325,326,840,243,0.775623268698
326,327,848,235,0.783010156971
327,328,712,371,0.657433056325
328,329,870,213,0.803324099723
329,330,859,224,0.793167128347
330,331,887,196,0.819021237304
331,332,874,209,0.80701754386
332,333,866,217,0.799630655586
333,334,867,216,0.80055401662
334,335,839,244,0.774699907664
335,336,837,246,0.772853185596
336,337,869,214,0.802400738689
337,338,855,228,0.789473684211
338,339,890,193,0.821791320406
339,340,894,189,0.825484764543
340,341,856,227,0.790397045245
341,342,868,215,0.801477377655
342,343,890,193,0.821791320406
343,344,866,217,0.799630655586
344,345,872,211,0.805170821791
345,346,898,185,0.82917820868
346,347,880,203,0.812557710065
347,348,856,227,0.790397045245
348,349,872,211,0.805170821791
349,350,867,216,0.80055401662
350,351,859,224,0.793167128347
351,352,886,197,0.81809787627
352,353,887,196,0.819021237304
353,354,915,168,0.84487534626
354,355,845,238,0.780240073869
355,356,857,226,0.791320406279
356,357,901,182,0.831948291782
357,358,871,212,0.804247460757
358,359,883,200,0.815327793167
359,360,897,186,0.828254847645
360,361,840,243,0.775623268698
361,362,876,207,0.808864265928
362,363,896,187,0.827331486611
363,364,869,214,0.802400738689
364,365,865,218,0.798707294552
365,366,845,238,0.780240073869
366,367,892,191,0.823638042475
367,368,887,196,0.819021237304
368,369,881,202,0.813481071099
369,370,871,212,0.804247460757
370,371,899,184,0.830101569714
371,372,876,207,0.808864265928
372,373,894,189,0.825484764543
373,374,887,196,0.819021237304
374,375,927,156,0.85595567867
375,376,865,218,0.798707294552
376,377,880,203,0.812557710065
377,378,920,163,0.849492151431
378,379,916,167,0.845798707295
379,380,922,161,0.8513388735
380,381,929,154,0.857802400739
381,382,897,186,0.828254847645
382,383,891,192,0.82271468144
383,384,921,162,0.850415512465
384,385,908,175,0.838411819021
385,386,924,159,0.853185595568
386,387,902,181,0.832871652816
387,388,928,155,0.856879039705
388,389,938,145,0.866112650046
389,390,898,185,0.82917820868
390,391,914,169,0.843951985226
391,392,922,161,0.8513388735
392,393,908,175,0.838411819021
393,394,918,165,0.847645429363
394,395,904,179,0.834718374885
395,396,882,201,0.814404432133
396,397,911,172,0.841181902124
397,398,900,183,0.831024930748
398,399,895,188,0.826408125577
