0,1,772,311,0.712834718375
1,2,715,368,0.660203139428
2,3,744,339,0.686980609418
3,4,785,298,0.724838411819
4,5,769,314,0.710064635272
5,6,786,297,0.725761772853
6,7,812,271,0.749769159741
7,8,807,276,0.745152354571
8,9,809,274,0.746999076639
9,10,811,272,0.748845798707
10,11,861,222,0.795013850416
11,12,800,283,0.738688827331
12,13,789,294,0.728531855956
13,14,802,281,0.7405355494
14,15,815,268,0.752539242844
15,16,831,252,0.767313019391
16,17,822,261,0.759002770083
17,18,832,251,0.768236380425
18,19,823,260,0.759926131117
19,20,812,271,0.749769159741
20,21,817,266,0.754385964912
21,22,862,221,0.79593721145
22,23,839,244,0.774699907664
23,24,858,225,0.792243767313
24,25,835,248,0.771006463527
25,26,849,234,0.783933518006
26,27,872,211,0.805170821791
27,28,847,236,0.782086795937
28,29,870,213,0.803324099723
29,30,844,239,0.779316712835
30,31,857,226,0.791320406279
31,32,901,182,0.831948291782
32,33,847,236,0.782086795937
33,34,862,221,0.79593721145
34,35,849,234,0.783933518006
35,36,823,260,0.759926131117
36,37,862,221,0.79593721145
37,38,862,221,0.79593721145
38,39,874,209,0.80701754386
39,40,847,236,0.782086795937
40,41,882,201,0.814404432133
41,42,840,243,0.775623268698
42,43,883,200,0.815327793167
43,44,854,229,0.788550323176
44,45,829,254,0.765466297322
45,46,859,224,0.793167128347
46,47,884,199,0.816251154201
47,48,860,223,0.794090489381
48,49,836,247,0.771929824561
49,50,888,195,0.819944598338
50,51,885,198,0.817174515235
51,52,891,192,0.82271468144
52,53,875,208,0.807940904894
53,54,866,217,0.799630655586
54,55,874,209,0.80701754386
55,56,856,227,0.790397045245
56,57,880,203,0.812557710065
57,58,822,261,0.759002770083
58,59,839,244,0.774699907664
59,60,850,233,0.78485687904
60,61,852,231,0.786703601108
61,62,880,203,0.812557710065
62,63,861,222,0.795013850416
63,64,854,229,0.788550323176
64,65,857,226,0.791320406279
65,66,869,214,0.802400738689
66,67,900,183,0.831024930748
67,68,885,198,0.817174515235
68,69,881,202,0.813481071099
69,70,891,192,0.82271468144
70,71,897,186,0.828254847645
71,72,901,182,0.831948291782
72,73,847,236,0.782086795937
73,74,856,227,0.790397045245
74,75,884,199,0.816251154201
75,76,868,215,0.801477377655
76,77,909,174,0.839335180055
77,78,871,212,0.804247460757
78,79,853,230,0.787626962142
79,80,862,221,0.79593721145
80,81,891,192,0.82271468144
81,82,883,200,0.815327793167
82,83,876,207,0.808864265928
83,84,868,215,0.801477377655
84,85,883,200,0.815327793167
85,86,874,209,0.80701754386
86,87,875,208,0.807940904894
87,88,883,200,0.815327793167
88,89,893,190,0.824561403509
89,90,865,218,0.798707294552
90,91,874,209,0.80701754386
91,92,897,186,0.828254847645
92,93,845,238,0.780240073869
93,94,870,213,0.803324099723
94,95,907,176,0.837488457987
95,96,881,202,0.813481071099
96,97,862,221,0.79593721145
97,98,886,197,0.81809787627
98,99,874,209,0.80701754386
99,100,904,179,0.834718374885
100,101,902,181,0.832871652816
101,102,883,200,0.815327793167
102,103,865,218,0.798707294552
103,104,868,215,0.801477377655
104,105,892,191,0.823638042475
105,106,909,174,0.839335180055
106,107,922,161,0.8513388735
107,108,870,213,0.803324099723
108,109,887,196,0.819021237304
109,110,886,197,0.81809787627
110,111,902,181,0.832871652816
111,112,851,232,0.785780240074
112,113,889,194,0.820867959372
113,114,926,157,0.855032317636
114,115,859,224,0.793167128347
115,116,905,178,0.835641735919
116,117,895,188,0.826408125577
117,118,936,147,0.864265927978
118,119,715,368,0.660203139428
119,120,707,376,0.652816251154
120,121,751,332,0.693444136657
121,122,810,273,0.747922437673
122,123,843,240,0.778393351801
123,124,704,379,0.650046168052
124,125,826,257,0.76269621422
125,126,808,275,0.746075715605
126,127,727,356,0.671283471837
127,128,750,333,0.692520775623
128,129,848,235,0.783010156971
129,130,727,356,0.671283471837
130,131,744,339,0.686980609418
131,132,748,335,0.690674053555
132,133,830,253,0.766389658356
133,134,783,300,0.722991689751
134,135,742,341,0.68513388735
135,136,783,300,0.722991689751
136,137,690,393,0.637119113573
137,138,746,337,0.688827331487
138,139,766,317,0.70729455217
139,140,779,304,0.719298245614
140,141,799,284,0.737765466297
141,142,812,271,0.749769159741
142,143,756,327,0.698060941828
143,144,819,264,0.756232686981
144,145,823,260,0.759926131117
145,146,844,239,0.779316712835
146,147,819,264,0.756232686981
147,148,835,248,0.771006463527
148,149,769,314,0.710064635272
149,150,774,309,0.714681440443
150,151,827,256,0.763619575254
151,152,713,370,0.658356417359
152,153,805,278,0.743305632502
153,154,782,301,0.722068328717
154,155,881,202,0.813481071099
155,156,822,261,0.759002770083
156,157,871,212,0.804247460757
157,158,740,343,0.683287165282
158,159,755,328,0.697137580794
159,160,850,233,0.78485687904
160,161,843,240,0.778393351801
161,162,875,208,0.807940904894
162,163,840,243,0.775623268698
163,164,871,212,0.804247460757
164,165,856,227,0.790397045245
165,166,864,219,0.797783933518
166,167,833,250,0.769159741459
167,168,773,310,0.713758079409
168,169,777,306,0.717451523546
169,170,641,442,0.591874422899
170,171,650,433,0.600184672207
171,172,817,266,0.754385964912
172,173,847,236,0.782086795937
173,174,777,306,0.717451523546
174,175,814,269,0.75161588181
175,176,778,305,0.71837488458
176,177,749,334,0.691597414589
177,178,802,281,0.7405355494
178,179,761,322,0.702677746999
179,180,781,302,0.721144967682
180,181,875,208,0.807940904894
181,182,770,313,0.710987996307
182,183,866,217,0.799630655586
183,184,838,245,0.77377654663
184,185,883,200,0.815327793167
185,186,823,260,0.759926131117
186,187,841,242,0.776546629732
187,188,868,215,0.801477377655
188,189,800,283,0.738688827331
189,190,790,293,0.72945521699
190,191,783,300,0.722991689751
191,192,790,293,0.72945521699
192,193,825,258,0.761772853186
193,194,828,255,0.764542936288
194,195,800,283,0.738688827331
195,196,791,292,0.730378578024
196,197,804,279,0.742382271468
197,198,815,268,0.752539242844
198,199,804,279,0.742382271468
199,200,855,228,0.789473684211
200,201,862,221,0.79593721145
201,202,850,233,0.78485687904
202,203,781,302,0.721144967682
203,204,819,264,0.756232686981
204,205,868,215,0.801477377655
205,206,823,260,0.759926131117
206,207,862,221,0.79593721145
207,208,735,348,0.678670360111
208,209,752,331,0.694367497692
209,210,769,314,0.710064635272
210,211,826,257,0.76269621422
211,212,836,247,0.771929824561
212,213,765,318,0.706371191136
213,214,795,288,0.734072022161
214,215,793,290,0.732225300092
215,216,821,262,0.758079409049
216,217,750,333,0.692520775623
217,218,614,469,0.566943674977
218,219,574,509,0.53000923361
219,220,845,238,0.780240073869
220,221,788,295,0.727608494922
221,222,629,454,0.580794090489
222,223,743,340,0.686057248384
223,224,696,387,0.642659279778
224,225,794,289,0.733148661127
225,226,739,344,0.682363804247
226,227,724,359,0.668513388735
227,228,676,407,0.624192059095
228,229,886,197,0.81809787627
229,230,762,321,0.703601108033
230,231,801,282,0.739612188366
231,232,862,221,0.79593721145
232,233,789,294,0.728531855956
233,234,746,337,0.688827331487
234,235,732,351,0.675900277008
235,236,719,364,0.663896583564
236,237,651,432,0.601108033241
237,238,713,370,0.658356417359
238,239,747,336,0.689750692521
239,240,749,334,0.691597414589
240,241,725,358,0.669436749769
241,242,778,305,0.71837488458
242,243,777,306,0.717451523546
243,244,819,264,0.756232686981
244,245,745,338,0.687903970452
245,246,843,240,0.778393351801
246,247,744,339,0.686980609418
247,248,733,350,0.676823638042
248,249,773,310,0.713758079409
249,250,759,324,0.700831024931
250,251,781,302,0.721144967682
251,252,806,277,0.744228993536
252,253,833,250,0.769159741459
253,254,889,194,0.820867959372
254,255,765,318,0.706371191136
255,256,770,313,0.710987996307
256,257,790,293,0.72945521699
257,258,701,382,0.647276084949
258,259,753,330,0.695290858726
259,260,774,309,0.714681440443
260,261,823,260,0.759926131117
261,262,778,305,0.71837488458
262,263,841,242,0.776546629732
263,264,820,263,0.757156048015
264,265,795,288,0.734072022161
265,266,789,294,0.728531855956
266,267,774,309,0.714681440443
267,268,828,255,0.764542936288
268,269,797,286,0.735918744229
269,270,794,289,0.733148661127
270,271,707,376,0.652816251154
271,272,731,352,0.674976915974
272,273,785,298,0.724838411819
273,274,791,292,0.730378578024
274,275,807,276,0.745152354571
275,276,856,227,0.790397045245
276,277,803,280,0.741458910434
277,278,848,235,0.783010156971
278,279,841,242,0.776546629732
279,280,842,241,0.777469990766
280,281,824,259,0.760849492151
281,282,871,212,0.804247460757
282,283,901,182,0.831948291782
283,284,852,231,0.786703601108
284,285,838,245,0.77377654663
285,286,879,204,0.81163434903
286,287,885,198,0.817174515235
287,288,857,226,0.791320406279
288,289,854,229,0.788550323176
289,290,883,200,0.815327793167
290,291,867,216,0.80055401662
291,292,848,235,0.783010156971
292,293,814,269,0.75161588181
293,294,852,231,0.786703601108
294,295,885,198,0.817174515235
295,296,887,196,0.819021237304
296,297,875,208,0.807940904894
297,298,865,218,0.798707294552
298,299,849,234,0.783933518006
299,300,839,244,0.774699907664
300,301,838,245,0.77377654663
301,302,837,246,0.772853185596
302,303,860,223,0.794090489381
303,304,851,232,0.785780240074
304,305,854,229,0.788550323176
305,306,888,195,0.819944598338
306,307,880,203,0.812557710065
307,308,894,189,0.825484764543
308,309,848,235,0.783010156971
309,310,855,228,0.789473684211
310,311,876,207,0.808864265928
311,312,871,212,0.804247460757
312,313,899,184,0.830101569714
313,314,896,187,0.827331486611
314,315,887,196,0.819021237304
315,316,867,216,0.80055401662
316,317,862,221,0.79593721145
317,318,825,258,0.761772853186
318,319,856,227,0.790397045245
319,320,838,245,0.77377654663
320,321,857,226,0.791320406279
321,322,896,187,0.827331486611
322,323,846,237,0.781163434903
323,324,876,207,0.808864265928
324,325,845,238,0.780240073869
325,326,853,230,0.787626962142
326,327,856,227,0.790397045245
327,328,721,362,0.665743305633
328,329,880,203,0.812557710065
329,330,852,231,0.786703601108
330,331,868,215,0.801477377655
331,332,886,197,0.81809787627
332,333,880,203,0.812557710065
333,334,849,234,0.783933518006
334,335,843,240,0.778393351801
335,336,845,238,0.780240073869
336,337,881,202,0.813481071099
337,338,862,221,0.79593721145
338,339,880,203,0.812557710065
339,340,907,176,0.837488457987
340,341,885,198,0.817174515235
341,342,862,221,0.79593721145
342,343,893,190,0.824561403509
343,344,875,208,0.807940904894
344,345,872,211,0.805170821791
345,346,872,211,0.805170821791
346,347,899,184,0.830101569714
347,348,850,233,0.78485687904
348,349,866,217,0.799630655586
349,350,877,206,0.809787626962
350,351,905,178,0.835641735919
351,352,898,185,0.82917820868
352,353,865,218,0.798707294552
353,354,910,173,0.84025854109
354,355,836,247,0.771929824561
355,356,872,211,0.805170821791
356,357,877,206,0.809787626962
357,358,886,197,0.81809787627
358,359,879,204,0.81163434903
359,360,880,203,0.812557710065
360,361,841,242,0.776546629732
361,362,869,214,0.802400738689
362,363,899,184,0.830101569714
363,364,864,219,0.797783933518
364,365,843,240,0.778393351801
365,366,852,231,0.786703601108
366,367,880,203,0.812557710065
367,368,909,174,0.839335180055
368,369,894,189,0.825484764543
369,370,853,230,0.787626962142
370,371,847,236,0.782086795937
371,372,883,200,0.815327793167
372,373,900,183,0.831024930748
373,374,900,183,0.831024930748
374,375,919,164,0.848568790397
375,376,870,213,0.803324099723
376,377,877,206,0.809787626962
377,378,916,167,0.845798707295
378,379,934,149,0.86241920591
379,380,923,160,0.852262234534
380,381,934,149,0.86241920591
381,382,900,183,0.831024930748
382,383,888,195,0.819944598338
383,384,929,154,0.857802400739
384,385,911,172,0.841181902124
385,386,901,182,0.831948291782
386,387,883,200,0.815327793167
387,388,911,172,0.841181902124
388,389,937,146,0.865189289012
389,390,913,170,0.843028624192
390,391,929,154,0.857802400739
391,392,923,160,0.852262234534
392,393,902,181,0.832871652816
393,394,916,167,0.845798707295
394,395,916,167,0.845798707295
395,396,881,202,0.813481071099
396,397,916,167,0.845798707295
397,398,897,186,0.828254847645
398,399,907,176,0.837488457987
