0,1,740,343,0.683287165282
1,2,703,380,0.649122807018
2,3,781,302,0.721144967682
3,4,756,327,0.698060941828
4,5,758,325,0.699907663897
5,6,815,268,0.752539242844
6,7,791,292,0.730378578024
7,8,805,278,0.743305632502
8,9,831,252,0.767313019391
9,10,841,242,0.776546629732
10,11,857,226,0.791320406279
11,12,851,232,0.785780240074
12,13,850,233,0.78485687904
13,14,802,281,0.7405355494
14,15,816,267,0.753462603878
15,16,707,376,0.652816251154
16,17,813,270,0.750692520776
17,18,806,277,0.744228993536
18,19,823,260,0.759926131117
19,20,886,197,0.81809787627
20,21,812,271,0.749769159741
21,22,876,207,0.808864265928
22,23,842,241,0.777469990766
23,24,858,225,0.792243767313
24,25,821,262,0.758079409049
25,26,840,243,0.775623268698
26,27,856,227,0.790397045245
27,28,876,207,0.808864265928
28,29,858,225,0.792243767313
29,30,825,258,0.761772853186
30,31,872,211,0.805170821791
31,32,871,212,0.804247460757
32,33,827,256,0.763619575254
33,34,861,222,0.795013850416
34,35,859,224,0.793167128347
35,36,867,216,0.80055401662
36,37,859,224,0.793167128347
37,38,865,218,0.798707294552
38,39,884,199,0.816251154201
39,40,869,214,0.802400738689
40,41,891,192,0.82271468144
41,42,832,251,0.768236380425
42,43,873,210,0.806094182825
43,44,843,240,0.778393351801
44,45,835,248,0.771006463527
45,46,856,227,0.790397045245
46,47,875,208,0.807940904894
47,48,855,228,0.789473684211
48,49,827,256,0.763619575254
49,50,890,193,0.821791320406
50,51,863,220,0.796860572484
51,52,868,215,0.801477377655
52,53,870,213,0.803324099723
53,54,861,222,0.795013850416
54,55,875,208,0.807940904894
55,56,847,236,0.782086795937
56,57,830,253,0.766389658356
57,58,858,225,0.792243767313
58,59,888,195,0.819944598338
59,60,861,222,0.795013850416
60,61,879,204,0.81163434903
61,62,877,206,0.809787626962
62,63,868,215,0.801477377655
63,64,882,201,0.814404432133
64,65,868,215,0.801477377655
65,66,860,223,0.794090489381
66,67,879,204,0.81163434903
67,68,861,222,0.795013850416
68,69,874,209,0.80701754386
69,70,827,256,0.763619575254
70,71,884,199,0.816251154201
71,72,883,200,0.815327793167
72,73,852,231,0.786703601108
73,74,843,240,0.778393351801
74,75,887,196,0.819021237304
75,76,853,230,0.787626962142
76,77,887,196,0.819021237304
77,78,865,218,0.798707294552
78,79,881,202,0.813481071099
79,80,869,214,0.802400738689
80,81,899,184,0.830101569714
81,82,874,209,0.80701754386
82,83,860,223,0.794090489381
83,84,888,195,0.819944598338
84,85,910,173,0.84025854109
85,86,891,192,0.82271468144
86,87,885,198,0.817174515235
87,88,831,252,0.767313019391
88,89,908,175,0.838411819021
89,90,862,221,0.79593721145
90,91,801,282,0.739612188366
91,92,891,192,0.82271468144
92,93,863,220,0.796860572484
93,94,890,193,0.821791320406
94,95,914,169,0.843951985226
95,96,890,193,0.821791320406
96,97,869,214,0.802400738689
97,98,896,187,0.827331486611
98,99,867,216,0.80055401662
99,100,898,185,0.82917820868
100,101,903,180,0.83379501385
101,102,900,183,0.831024930748
102,103,850,233,0.78485687904
103,104,888,195,0.819944598338
104,105,886,197,0.81809787627
105,106,882,201,0.814404432133
106,107,869,214,0.802400738689
107,108,863,220,0.796860572484
108,109,907,176,0.837488457987
109,110,880,203,0.812557710065
110,111,902,181,0.832871652816
111,112,878,205,0.810710987996
112,113,842,241,0.777469990766
113,114,900,183,0.831024930748
114,115,868,215,0.801477377655
115,116,896,187,0.827331486611
116,117,879,204,0.81163434903
117,118,948,135,0.875346260388
118,119,704,379,0.650046168052
119,120,729,354,0.673130193906
120,121,768,315,0.709141274238
121,122,811,272,0.748845798707
122,123,822,261,0.759002770083
123,124,730,353,0.67405355494
124,125,834,249,0.770083102493
125,126,806,277,0.744228993536
126,127,677,406,0.625115420129
127,128,809,274,0.746999076639
128,129,813,270,0.750692520776
129,130,738,345,0.681440443213
130,131,749,334,0.691597414589
131,132,757,326,0.698984302862
132,133,818,265,0.755309325946
133,134,756,327,0.698060941828
134,135,730,353,0.67405355494
135,136,732,351,0.675900277008
136,137,675,408,0.623268698061
137,138,758,325,0.699907663897
138,139,768,315,0.709141274238
139,140,795,288,0.734072022161
140,141,791,292,0.730378578024
141,142,815,268,0.752539242844
142,143,726,357,0.670360110803
143,144,829,254,0.765466297322
144,145,824,259,0.760849492151
145,146,855,228,0.789473684211
146,147,817,266,0.754385964912
147,148,823,260,0.759926131117
148,149,767,316,0.708217913204
149,150,775,308,0.715604801477
150,151,805,278,0.743305632502
151,152,696,387,0.642659279778
152,153,763,320,0.704524469067
153,154,764,319,0.705447830102
154,155,717,366,0.662049861496
155,156,836,247,0.771929824561
156,157,878,205,0.810710987996
157,158,752,331,0.694367497692
158,159,774,309,0.714681440443
159,160,829,254,0.765466297322
160,161,830,253,0.766389658356
161,162,856,227,0.790397045245
162,163,823,260,0.759926131117
163,164,873,210,0.806094182825
164,165,860,223,0.794090489381
165,166,821,262,0.758079409049
166,167,869,214,0.802400738689
167,168,784,299,0.723915050785
168,169,786,297,0.725761772853
169,170,664,419,0.613111726685
170,171,681,402,0.628808864266
171,172,825,258,0.761772853186
172,173,840,243,0.775623268698
173,174,772,311,0.712834718375
174,175,801,282,0.739612188366
175,176,766,317,0.70729455217
176,177,745,338,0.687903970452
177,178,786,297,0.725761772853
178,179,795,288,0.734072022161
179,180,780,303,0.720221606648
180,181,867,216,0.80055401662
181,182,749,334,0.691597414589
182,183,863,220,0.796860572484
183,184,836,247,0.771929824561
184,185,842,241,0.777469990766
185,186,858,225,0.792243767313
186,187,863,220,0.796860572484
187,188,855,228,0.789473684211
188,189,793,290,0.732225300092
189,190,768,315,0.709141274238
190,191,798,285,0.736842105263
191,192,790,293,0.72945521699
192,193,804,279,0.742382271468
193,194,825,258,0.761772853186
194,195,789,294,0.728531855956
195,196,812,271,0.749769159741
196,197,830,253,0.766389658356
197,198,812,271,0.749769159741
198,199,813,270,0.750692520776
199,200,855,228,0.789473684211
200,201,848,235,0.783010156971
201,202,843,240,0.778393351801
202,203,808,275,0.746075715605
203,204,832,251,0.768236380425
204,205,863,220,0.796860572484
205,206,826,257,0.76269621422
206,207,873,210,0.806094182825
207,208,748,335,0.690674053555
208,209,823,260,0.759926131117
209,210,756,327,0.698060941828
210,211,824,259,0.760849492151
211,212,845,238,0.780240073869
212,213,780,303,0.720221606648
213,214,818,265,0.755309325946
214,215,821,262,0.758079409049
215,216,842,241,0.777469990766
216,217,761,322,0.702677746999
217,218,641,442,0.591874422899
218,219,593,490,0.547553093259
219,220,808,275,0.746075715605
220,221,823,260,0.759926131117
221,222,669,414,0.617728531856
222,223,723,360,0.667590027701
223,224,736,347,0.679593721145
224,225,792,291,0.731301939058
225,226,753,330,0.695290858726
226,227,737,346,0.680517082179
227,228,694,389,0.64081255771
228,229,870,213,0.803324099723
229,230,773,310,0.713758079409
230,231,760,323,0.701754385965
231,232,825,258,0.761772853186
232,233,760,323,0.701754385965
233,234,764,319,0.705447830102
234,235,791,292,0.730378578024
235,236,771,312,0.711911357341
236,237,674,409,0.622345337027
237,238,726,357,0.670360110803
238,239,754,329,0.69621421976
239,240,761,322,0.702677746999
240,241,733,350,0.676823638042
241,242,795,288,0.734072022161
242,243,736,347,0.679593721145
243,244,812,271,0.749769159741
244,245,740,343,0.683287165282
245,246,813,270,0.750692520776
246,247,758,325,0.699907663897
247,248,722,361,0.666666666667
248,249,801,282,0.739612188366
249,250,758,325,0.699907663897
250,251,757,326,0.698984302862
251,252,816,267,0.753462603878
252,253,833,250,0.769159741459
253,254,902,181,0.832871652816
254,255,758,325,0.699907663897
255,256,764,319,0.705447830102
256,257,661,422,0.610341643583
257,258,700,383,0.646352723915
258,259,733,350,0.676823638042
259,260,781,302,0.721144967682
260,261,800,283,0.738688827331
261,262,769,314,0.710064635272
262,263,849,234,0.783933518006
263,264,810,273,0.747922437673
264,265,773,310,0.713758079409
265,266,775,308,0.715604801477
266,267,740,343,0.683287165282
267,268,824,259,0.760849492151
268,269,808,275,0.746075715605
269,270,756,327,0.698060941828
270,271,691,392,0.638042474608
271,272,727,356,0.671283471837
272,273,745,338,0.687903970452
273,274,762,321,0.703601108033
274,275,807,276,0.745152354571
275,276,843,240,0.778393351801
276,277,775,308,0.715604801477
277,278,865,218,0.798707294552
278,279,843,240,0.778393351801
279,280,837,246,0.772853185596
280,281,856,227,0.790397045245
281,282,861,222,0.795013850416
282,283,898,185,0.82917820868
283,284,828,255,0.764542936288
284,285,821,262,0.758079409049
285,286,886,197,0.81809787627
286,287,872,211,0.805170821791
287,288,845,238,0.780240073869
288,289,858,225,0.792243767313
289,290,891,192,0.82271468144
290,291,878,205,0.810710987996
291,292,849,234,0.783933518006
292,293,841,242,0.776546629732
293,294,867,216,0.80055401662
294,295,871,212,0.804247460757
295,296,879,204,0.81163434903
296,297,887,196,0.819021237304
297,298,876,207,0.808864265928
298,299,868,215,0.801477377655
299,300,861,222,0.795013850416
300,301,827,256,0.763619575254
301,302,859,224,0.793167128347
302,303,851,232,0.785780240074
303,304,824,259,0.760849492151
304,305,858,225,0.792243767313
305,306,890,193,0.821791320406
306,307,900,183,0.831024930748
307,308,874,209,0.80701754386
308,309,845,238,0.780240073869
309,310,847,236,0.782086795937
310,311,892,191,0.823638042475
311,312,862,221,0.79593721145
312,313,894,189,0.825484764543
313,314,916,167,0.845798707295
314,315,883,200,0.815327793167
315,316,856,227,0.790397045245
316,317,882,201,0.814404432133
317,318,843,240,0.778393351801
318,319,897,186,0.828254847645
319,320,857,226,0.791320406279
320,321,872,211,0.805170821791
321,322,914,169,0.843951985226
322,323,846,237,0.781163434903
323,324,862,221,0.79593721145
324,325,828,255,0.764542936288
325,326,841,242,0.776546629732
326,327,858,225,0.792243767313
327,328,725,358,0.669436749769
328,329,873,210,0.806094182825
329,330,867,216,0.80055401662
330,331,872,211,0.805170821791
331,332,906,177,0.836565096953
332,333,860,223,0.794090489381
333,334,894,189,0.825484764543
334,335,852,231,0.786703601108
335,336,838,245,0.77377654663
336,337,893,190,0.824561403509
337,338,877,206,0.809787626962
338,339,886,197,0.81809787627
339,340,914,169,0.843951985226
340,341,861,222,0.795013850416
341,342,863,220,0.796860572484
342,343,892,191,0.823638042475
343,344,882,201,0.814404432133
344,345,888,195,0.819944598338
345,346,886,197,0.81809787627
346,347,869,214,0.802400738689
347,348,873,210,0.806094182825
348,349,878,205,0.810710987996
349,350,898,185,0.82917820868
350,351,865,218,0.798707294552
351,352,879,204,0.81163434903
352,353,853,230,0.787626962142
353,354,926,157,0.855032317636
354,355,870,213,0.803324099723
355,356,890,193,0.821791320406
356,357,912,171,0.842105263158
357,358,879,204,0.81163434903
358,359,882,201,0.814404432133
359,360,903,180,0.83379501385
360,361,842,241,0.777469990766
361,362,900,183,0.831024930748
362,363,901,182,0.831948291782
363,364,886,197,0.81809787627
364,365,839,244,0.774699907664
365,366,844,239,0.779316712835
366,367,893,190,0.824561403509
367,368,909,174,0.839335180055
368,369,894,189,0.825484764543
369,370,876,207,0.808864265928
370,371,885,198,0.817174515235
371,372,880,203,0.812557710065
372,373,919,164,0.848568790397
373,374,890,193,0.821791320406
374,375,914,169,0.843951985226
375,376,847,236,0.782086795937
376,377,882,201,0.814404432133
377,378,918,165,0.847645429363
378,379,933,150,0.861495844875
379,380,933,150,0.861495844875
380,381,928,155,0.856879039705
381,382,897,186,0.828254847645
382,383,882,201,0.814404432133
383,384,932,151,0.860572483841
384,385,912,171,0.842105263158
385,386,910,173,0.84025854109
386,387,893,190,0.824561403509
387,388,911,172,0.841181902124
388,389,947,136,0.874422899354
389,390,902,181,0.832871652816
390,391,924,159,0.853185595568
391,392,933,150,0.861495844875
392,393,910,173,0.84025854109
393,394,919,164,0.848568790397
394,395,882,201,0.814404432133
395,396,898,185,0.82917820868
396,397,908,175,0.838411819021
397,398,894,189,0.825484764543
398,399,913,170,0.843028624192
