0,1,777,306,0.717451523546
1,2,744,339,0.686980609418
2,3,748,335,0.690674053555
3,4,802,281,0.7405355494
4,5,814,269,0.75161588181
5,6,779,304,0.719298245614
6,7,812,271,0.749769159741
7,8,858,225,0.792243767313
8,9,822,261,0.759002770083
9,10,826,257,0.76269621422
10,11,866,217,0.799630655586
11,12,853,230,0.787626962142
12,13,799,284,0.737765466297
13,14,816,267,0.753462603878
14,15,831,252,0.767313019391
15,16,831,252,0.767313019391
16,17,803,280,0.741458910434
17,18,824,259,0.760849492151
18,19,832,251,0.768236380425
19,20,842,241,0.777469990766
20,21,825,258,0.761772853186
21,22,855,228,0.789473684211
22,23,821,262,0.758079409049
23,24,866,217,0.799630655586
24,25,834,249,0.770083102493
25,26,845,238,0.780240073869
26,27,879,204,0.81163434903
27,28,791,292,0.730378578024
28,29,843,240,0.778393351801
29,30,836,247,0.771929824561
30,31,873,210,0.806094182825
31,32,879,204,0.81163434903
32,33,840,243,0.775623268698
33,34,857,226,0.791320406279
34,35,855,228,0.789473684211
35,36,868,215,0.801477377655
36,37,878,205,0.810710987996
37,38,867,216,0.80055401662
38,39,872,211,0.805170821791
39,40,868,215,0.801477377655
40,41,885,198,0.817174515235
41,42,810,273,0.747922437673
42,43,846,237,0.781163434903
43,44,866,217,0.799630655586
44,45,849,234,0.783933518006
45,46,866,217,0.799630655586
46,47,885,198,0.817174515235
47,48,879,204,0.81163434903
48,49,777,306,0.717451523546
49,50,864,219,0.797783933518
50,51,870,213,0.803324099723
51,52,850,233,0.78485687904
52,53,874,209,0.80701754386
53,54,872,211,0.805170821791
54,55,881,202,0.813481071099
55,56,879,204,0.81163434903
56,57,872,211,0.805170821791
57,58,850,233,0.78485687904
58,59,868,215,0.801477377655
59,60,843,240,0.778393351801
60,61,853,230,0.787626962142
61,62,879,204,0.81163434903
62,63,848,235,0.783010156971
63,64,869,214,0.802400738689
64,65,863,220,0.796860572484
65,66,869,214,0.802400738689
66,67,891,192,0.82271468144
67,68,865,218,0.798707294552
68,69,887,196,0.819021237304
69,70,871,212,0.804247460757
70,71,885,198,0.817174515235
71,72,893,190,0.824561403509
72,73,845,238,0.780240073869
73,74,863,220,0.796860572484
74,75,892,191,0.823638042475
75,76,830,253,0.766389658356
76,77,884,199,0.816251154201
77,78,882,201,0.814404432133
78,79,855,228,0.789473684211
79,80,837,246,0.772853185596
80,81,885,198,0.817174515235
81,82,860,223,0.794090489381
82,83,868,215,0.801477377655
83,84,885,198,0.817174515235
84,85,885,198,0.817174515235
85,86,876,207,0.808864265928
86,87,869,214,0.802400738689
87,88,887,196,0.819021237304
88,89,904,179,0.834718374885
89,90,854,229,0.788550323176
90,91,871,212,0.804247460757
91,92,894,189,0.825484764543
92,93,880,203,0.812557710065
93,94,903,180,0.83379501385
94,95,919,164,0.848568790397
95,96,884,199,0.816251154201
96,97,863,220,0.796860572484
97,98,893,190,0.824561403509
98,99,868,215,0.801477377655
99,100,872,211,0.805170821791
100,101,897,186,0.828254847645
101,102,893,190,0.824561403509
102,103,878,205,0.810710987996
103,104,892,191,0.823638042475
104,105,886,197,0.81809787627
105,106,879,204,0.81163434903
106,107,894,189,0.825484764543
107,108,862,221,0.79593721145
108,109,859,224,0.793167128347
109,110,884,199,0.816251154201
110,111,915,168,0.84487534626
111,112,869,214,0.802400738689
112,113,866,217,0.799630655586
113,114,895,188,0.826408125577
114,115,862,221,0.79593721145
115,116,872,211,0.805170821791
116,117,892,191,0.823638042475
117,118,929,154,0.857802400739
118,119,706,377,0.65189289012
119,120,726,357,0.670360110803
120,121,761,322,0.702677746999
121,122,791,292,0.730378578024
122,123,798,285,0.736842105263
123,124,708,375,0.653739612188
124,125,806,277,0.744228993536
125,126,808,275,0.746075715605
126,127,690,393,0.637119113573
127,128,790,293,0.72945521699
128,129,807,276,0.745152354571
129,130,686,397,0.633425669437
130,131,729,354,0.673130193906
131,132,764,319,0.705447830102
132,133,851,232,0.785780240074
133,134,790,293,0.72945521699
134,135,767,316,0.708217913204
135,136,772,311,0.712834718375
136,137,661,422,0.610341643583
137,138,728,355,0.672206832872
138,139,735,348,0.678670360111
139,140,837,246,0.772853185596
140,141,813,270,0.750692520776
141,142,792,291,0.731301939058
142,143,778,305,0.71837488458
143,144,824,259,0.760849492151
144,145,859,224,0.793167128347
145,146,857,226,0.791320406279
146,147,813,270,0.750692520776
147,148,848,235,0.783010156971
148,149,760,323,0.701754385965
149,150,791,292,0.730378578024
150,151,829,254,0.765466297322
151,152,738,345,0.681440443213
152,153,809,274,0.746999076639
153,154,786,297,0.725761772853
154,155,853,230,0.787626962142
155,156,836,247,0.771929824561
156,157,884,199,0.816251154201
157,158,764,319,0.705447830102
158,159,778,305,0.71837488458
159,160,843,240,0.778393351801
160,161,811,272,0.748845798707
161,162,882,201,0.814404432133
162,163,838,245,0.77377654663
163,164,877,206,0.809787626962
164,165,845,238,0.780240073869
165,166,851,232,0.785780240074
166,167,867,216,0.80055401662
167,168,760,323,0.701754385965
168,169,788,295,0.727608494922
169,170,632,451,0.583564173592
170,171,682,401,0.6297322253
171,172,805,278,0.743305632502
172,173,846,237,0.781163434903
173,174,773,310,0.713758079409
174,175,805,278,0.743305632502
175,176,789,294,0.728531855956
176,177,751,332,0.693444136657
177,178,815,268,0.752539242844
178,179,787,296,0.726685133887
179,180,770,313,0.710987996307
180,181,790,293,0.72945521699
181,182,794,289,0.733148661127
182,183,850,233,0.78485687904
183,184,855,228,0.789473684211
184,185,864,219,0.797783933518
185,186,820,263,0.757156048015
186,187,858,225,0.792243767313
187,188,857,226,0.791320406279
188,189,834,249,0.770083102493
189,190,749,334,0.691597414589
190,191,803,280,0.741458910434
191,192,799,284,0.737765466297
192,193,801,282,0.739612188366
193,194,833,250,0.769159741459
194,195,778,305,0.71837488458
195,196,774,309,0.714681440443
196,197,814,269,0.75161588181
197,198,809,274,0.746999076639
198,199,799,284,0.737765466297
199,200,837,246,0.772853185596
200,201,858,225,0.792243767313
201,202,851,232,0.785780240074
202,203,816,267,0.753462603878
203,204,840,243,0.775623268698
204,205,872,211,0.805170821791
205,206,837,246,0.772853185596
206,207,883,200,0.815327793167
207,208,730,353,0.67405355494
208,209,765,318,0.706371191136
209,210,773,310,0.713758079409
210,211,836,247,0.771929824561
211,212,805,278,0.743305632502
212,213,779,304,0.719298245614
213,214,809,274,0.746999076639
214,215,816,267,0.753462603878
215,216,844,239,0.779316712835
216,217,761,322,0.702677746999
217,218,705,378,0.650969529086
218,219,636,447,0.587257617729
219,220,851,232,0.785780240074
220,221,812,271,0.749769159741
221,222,674,409,0.622345337027
222,223,729,354,0.673130193906
223,224,754,329,0.69621421976
224,225,773,310,0.713758079409
225,226,732,351,0.675900277008
226,227,725,358,0.669436749769
227,228,663,420,0.612188365651
228,229,756,327,0.698060941828
229,230,768,315,0.709141274238
230,231,800,283,0.738688827331
231,232,831,252,0.767313019391
232,233,797,286,0.735918744229
233,234,863,220,0.796860572484
234,235,779,304,0.719298245614
235,236,763,320,0.704524469067
236,237,735,348,0.678670360111
237,238,692,391,0.638965835642
238,239,763,320,0.704524469067
239,240,759,324,0.700831024931
240,241,716,367,0.661126500462
241,242,789,294,0.728531855956
242,243,783,300,0.722991689751
243,244,804,279,0.742382271468
244,245,705,378,0.650969529086
245,246,812,271,0.749769159741
246,247,759,324,0.700831024931
247,248,718,365,0.66297322253
248,249,805,278,0.743305632502
249,250,740,343,0.683287165282
250,251,768,315,0.709141274238
251,252,771,312,0.711911357341
252,253,842,241,0.777469990766
253,254,804,279,0.742382271468
254,255,746,337,0.688827331487
255,256,784,299,0.723915050785
256,257,798,285,0.736842105263
257,258,711,372,0.656509695291
258,259,755,328,0.697137580794
259,260,752,331,0.694367497692
260,261,801,282,0.739612188366
261,262,790,293,0.72945521699
262,263,843,240,0.778393351801
263,264,815,268,0.752539242844
264,265,802,281,0.7405355494
265,266,762,321,0.703601108033
266,267,761,322,0.702677746999
267,268,817,266,0.754385964912
268,269,827,256,0.763619575254
269,270,746,337,0.688827331487
270,271,716,367,0.661126500462
271,272,708,375,0.653739612188
272,273,758,325,0.699907663897
273,274,795,288,0.734072022161
274,275,826,257,0.76269621422
275,276,854,229,0.788550323176
276,277,772,311,0.712834718375
277,278,864,219,0.797783933518
278,279,856,227,0.790397045245
279,280,848,235,0.783010156971
280,281,854,229,0.788550323176
281,282,871,212,0.804247460757
282,283,886,197,0.81809787627
283,284,854,229,0.788550323176
284,285,854,229,0.788550323176
285,286,881,202,0.813481071099
286,287,902,181,0.832871652816
287,288,845,238,0.780240073869
288,289,864,219,0.797783933518
289,290,884,199,0.816251154201
290,291,884,199,0.816251154201
291,292,864,219,0.797783933518
292,293,862,221,0.79593721145
293,294,880,203,0.812557710065
294,295,882,201,0.814404432133
295,296,903,180,0.83379501385
296,297,888,195,0.819944598338
297,298,875,208,0.807940904894
298,299,868,215,0.801477377655
299,300,868,215,0.801477377655
300,301,824,259,0.760849492151
301,302,861,222,0.795013850416
302,303,838,245,0.77377654663
303,304,856,227,0.790397045245
304,305,853,230,0.787626962142
305,306,882,201,0.814404432133
306,307,891,192,0.82271468144
307,308,872,211,0.805170821791
308,309,868,215,0.801477377655
309,310,857,226,0.791320406279
310,311,898,185,0.82917820868
311,312,885,198,0.817174515235
312,313,897,186,0.828254847645
313,314,905,178,0.835641735919
314,315,899,184,0.830101569714
315,316,844,239,0.779316712835
316,317,862,221,0.79593721145
317,318,857,226,0.791320406279
318,319,901,182,0.831948291782
319,320,866,217,0.799630655586
320,321,865,218,0.798707294552
321,322,922,161,0.8513388735
322,323,867,216,0.80055401662
323,324,875,208,0.807940904894
324,325,860,223,0.794090489381
325,326,862,221,0.79593721145
326,327,873,210,0.806094182825
327,328,701,382,0.647276084949
328,329,869,214,0.802400738689
329,330,861,222,0.795013850416
330,331,891,192,0.82271468144
331,332,883,200,0.815327793167
332,333,880,203,0.812557710065
333,334,889,194,0.820867959372
334,335,852,231,0.786703601108
335,336,839,244,0.774699907664
336,337,890,193,0.821791320406
337,338,857,226,0.791320406279
338,339,876,207,0.808864265928
339,340,913,170,0.843028624192
340,341,889,194,0.820867959372
341,342,873,210,0.806094182825
342,343,904,179,0.834718374885
343,344,890,193,0.821791320406
344,345,873,210,0.806094182825
345,346,893,190,0.824561403509
346,347,902,181,0.832871652816
347,348,863,220,0.796860572484
348,349,893,190,0.824561403509
349,350,895,188,0.826408125577
350,351,919,164,0.848568790397
351,352,902,181,0.832871652816
352,353,883,200,0.815327793167
353,354,907,176,0.837488457987
354,355,860,223,0.794090489381
355,356,891,192,0.82271468144
356,357,896,187,0.827331486611
357,358,908,175,0.838411819021
358,359,911,172,0.841181902124
359,360,896,187,0.827331486611
360,361,858,225,0.792243767313
361,362,895,188,0.826408125577
362,363,912,171,0.842105263158
363,364,895,188,0.826408125577
364,365,856,227,0.790397045245
365,366,844,239,0.779316712835
366,367,907,176,0.837488457987
367,368,910,173,0.84025854109
368,369,906,177,0.836565096953
369,370,877,206,0.809787626962
370,371,887,196,0.819021237304
371,372,890,193,0.821791320406
372,373,893,190,0.824561403509
373,374,915,168,0.84487534626
374,375,931,152,0.859649122807
375,376,855,228,0.789473684211
376,377,904,179,0.834718374885
377,378,923,160,0.852262234534
378,379,917,166,0.846722068329
379,380,937,146,0.865189289012
380,381,943,140,0.870729455217
381,382,898,185,0.82917820868
382,383,886,197,0.81809787627
383,384,932,151,0.860572483841
384,385,924,159,0.853185595568
385,386,914,169,0.843951985226
386,387,900,183,0.831024930748
387,388,903,180,0.83379501385
388,389,963,120,0.8891966759
389,390,917,166,0.846722068329
390,391,928,155,0.856879039705
391,392,924,159,0.853185595568
392,393,920,163,0.849492151431
393,394,909,174,0.839335180055
394,395,896,187,0.827331486611
395,396,880,203,0.812557710065
396,397,909,174,0.839335180055
397,398,897,186,0.828254847645
398,399,890,193,0.821791320406
