0,1,760,323,0.701754385965
1,2,740,343,0.683287165282
2,3,762,321,0.703601108033
3,4,791,292,0.730378578024
4,5,755,328,0.697137580794
5,6,804,279,0.742382271468
6,7,805,278,0.743305632502
7,8,812,271,0.749769159741
8,9,800,283,0.738688827331
9,10,834,249,0.770083102493
10,11,815,268,0.752539242844
11,12,823,260,0.759926131117
12,13,786,297,0.725761772853
13,14,761,322,0.702677746999
14,15,794,289,0.733148661127
15,16,770,313,0.710987996307
16,17,768,315,0.709141274238
17,18,825,258,0.761772853186
18,19,786,297,0.725761772853
19,20,867,216,0.80055401662
20,21,825,258,0.761772853186
21,22,854,229,0.788550323176
22,23,851,232,0.785780240074
23,24,864,219,0.797783933518
24,25,835,248,0.771006463527
25,26,844,239,0.779316712835
26,27,875,208,0.807940904894
27,28,780,303,0.720221606648
28,29,869,214,0.802400738689
29,30,831,252,0.767313019391
30,31,853,230,0.787626962142
31,32,865,218,0.798707294552
32,33,835,248,0.771006463527
33,34,829,254,0.765466297322
34,35,845,238,0.780240073869
35,36,843,240,0.778393351801
36,37,840,243,0.775623268698
37,38,844,239,0.779316712835
38,39,860,223,0.794090489381
39,40,857,226,0.791320406279
40,41,854,229,0.788550323176
41,42,796,287,0.734995383195
42,43,860,223,0.794090489381
43,44,859,224,0.793167128347
44,45,840,243,0.775623268698
45,46,869,214,0.802400738689
46,47,882,201,0.814404432133
47,48,901,182,0.831948291782
48,49,817,266,0.754385964912
49,50,894,189,0.825484764543
50,51,871,212,0.804247460757
51,52,872,211,0.805170821791
52,53,841,242,0.776546629732
53,54,877,206,0.809787626962
54,55,865,218,0.798707294552
55,56,861,222,0.795013850416
56,57,873,210,0.806094182825
57,58,863,220,0.796860572484
58,59,874,209,0.80701754386
59,60,858,225,0.792243767313
60,61,871,212,0.804247460757
61,62,877,206,0.809787626962
62,63,837,246,0.772853185596
63,64,871,212,0.804247460757
64,65,879,204,0.81163434903
65,66,856,227,0.790397045245
66,67,877,206,0.809787626962
67,68,862,221,0.79593721145
68,69,902,181,0.832871652816
69,70,873,210,0.806094182825
70,71,893,190,0.824561403509
71,72,880,203,0.812557710065
72,73,853,230,0.787626962142
73,74,844,239,0.779316712835
74,75,882,201,0.814404432133
75,76,864,219,0.797783933518
76,77,885,198,0.817174515235
77,78,871,212,0.804247460757
78,79,903,180,0.83379501385
79,80,845,238,0.780240073869
80,81,898,185,0.82917820868
81,82,876,207,0.808864265928
82,83,879,204,0.81163434903
83,84,873,210,0.806094182825
84,85,913,170,0.843028624192
85,86,897,186,0.828254847645
86,87,870,213,0.803324099723
87,88,902,181,0.832871652816
88,89,902,181,0.832871652816
89,90,885,198,0.817174515235
90,91,881,202,0.813481071099
91,92,881,202,0.813481071099
92,93,866,217,0.799630655586
93,94,893,190,0.824561403509
94,95,881,202,0.813481071099
95,96,859,224,0.793167128347
96,97,839,244,0.774699907664
97,98,890,193,0.821791320406
98,99,863,220,0.796860572484
99,100,895,188,0.826408125577
100,101,897,186,0.828254847645
101,102,893,190,0.824561403509
102,103,866,217,0.799630655586
103,104,893,190,0.824561403509
104,105,875,208,0.807940904894
105,106,882,201,0.814404432133
106,107,907,176,0.837488457987
107,108,875,208,0.807940904894
108,109,888,195,0.819944598338
109,110,859,224,0.793167128347
110,111,917,166,0.846722068329
111,112,870,213,0.803324099723
112,113,899,184,0.830101569714
113,114,923,160,0.852262234534
114,115,871,212,0.804247460757
115,116,908,175,0.838411819021
116,117,898,185,0.82917820868
117,118,942,141,0.869806094183
118,119,703,380,0.649122807018
119,120,720,363,0.664819944598
120,121,779,304,0.719298245614
121,122,818,265,0.755309325946
122,123,830,253,0.766389658356
123,124,708,375,0.653739612188
124,125,804,279,0.742382271468
125,126,805,278,0.743305632502
126,127,659,424,0.608494921514
127,128,773,310,0.713758079409
128,129,826,257,0.76269621422
129,130,723,360,0.667590027701
130,131,731,352,0.674976915974
131,132,789,294,0.728531855956
132,133,827,256,0.763619575254
133,134,799,284,0.737765466297
134,135,756,327,0.698060941828
135,136,800,283,0.738688827331
136,137,689,394,0.636195752539
137,138,751,332,0.693444136657
138,139,733,350,0.676823638042
139,140,824,259,0.760849492151
140,141,811,272,0.748845798707
141,142,822,261,0.759002770083
142,143,782,301,0.722068328717
143,144,837,246,0.772853185596
144,145,828,255,0.764542936288
145,146,854,229,0.788550323176
146,147,818,265,0.755309325946
147,148,841,242,0.776546629732
148,149,760,323,0.701754385965
149,150,764,319,0.705447830102
150,151,803,280,0.741458910434
151,152,714,369,0.659279778393
152,153,761,322,0.702677746999
153,154,751,332,0.693444136657
154,155,879,204,0.81163434903
155,156,830,253,0.766389658356
156,157,871,212,0.804247460757
157,158,745,338,0.687903970452
158,159,776,307,0.716528162512
159,160,847,236,0.782086795937
160,161,834,249,0.770083102493
161,162,859,224,0.793167128347
162,163,825,258,0.761772853186
163,164,875,208,0.807940904894
164,165,863,220,0.796860572484
165,166,845,238,0.780240073869
166,167,859,224,0.793167128347
167,168,781,302,0.721144967682
168,169,814,269,0.75161588181
169,170,645,438,0.595567867036
170,171,664,419,0.613111726685
171,172,823,260,0.759926131117
172,173,811,272,0.748845798707
173,174,771,312,0.711911357341
174,175,836,247,0.771929824561
175,176,782,301,0.722068328717
176,177,767,316,0.708217913204
177,178,815,268,0.752539242844
178,179,812,271,0.749769159741
179,180,782,301,0.722068328717
180,181,823,260,0.759926131117
181,182,779,304,0.719298245614
182,183,834,249,0.770083102493
183,184,861,222,0.795013850416
184,185,868,215,0.801477377655
185,186,780,303,0.720221606648
186,187,887,196,0.819021237304
187,188,851,232,0.785780240074
188,189,815,268,0.752539242844
189,190,787,296,0.726685133887
190,191,792,291,0.731301939058
191,192,791,292,0.730378578024
192,193,810,273,0.747922437673
193,194,813,270,0.750692520776
194,195,791,292,0.730378578024
195,196,807,276,0.745152354571
196,197,819,264,0.756232686981
197,198,771,312,0.711911357341
198,199,796,287,0.734995383195
199,200,828,255,0.764542936288
200,201,876,207,0.808864265928
201,202,853,230,0.787626962142
202,203,814,269,0.75161588181
203,204,827,256,0.763619575254
204,205,876,207,0.808864265928
205,206,812,271,0.749769159741
206,207,878,205,0.810710987996
207,208,774,309,0.714681440443
208,209,807,276,0.745152354571
209,210,802,281,0.7405355494
210,211,826,257,0.76269621422
211,212,811,272,0.748845798707
212,213,785,298,0.724838411819
213,214,804,279,0.742382271468
214,215,815,268,0.752539242844
215,216,817,266,0.754385964912
216,217,772,311,0.712834718375
217,218,711,372,0.656509695291
218,219,670,413,0.61865189289
219,220,813,270,0.750692520776
220,221,784,299,0.723915050785
221,222,654,429,0.603878116343
222,223,726,357,0.670360110803
223,224,736,347,0.679593721145
224,225,766,317,0.70729455217
225,226,764,319,0.705447830102
226,227,731,352,0.674976915974
227,228,663,420,0.612188365651
228,229,874,209,0.80701754386
229,230,772,311,0.712834718375
230,231,804,279,0.742382271468
231,232,825,258,0.761772853186
232,233,772,311,0.712834718375
233,234,870,213,0.803324099723
234,235,780,303,0.720221606648
235,236,762,321,0.703601108033
236,237,699,384,0.645429362881
237,238,723,360,0.667590027701
238,239,803,280,0.741458910434
239,240,742,341,0.68513388735
240,241,726,357,0.670360110803
241,242,803,280,0.741458910434
242,243,761,322,0.702677746999
243,244,816,267,0.753462603878
244,245,707,376,0.652816251154
245,246,828,255,0.764542936288
246,247,750,333,0.692520775623
247,248,721,362,0.665743305633
248,249,786,297,0.725761772853
249,250,764,319,0.705447830102
250,251,784,299,0.723915050785
251,252,789,294,0.728531855956
252,253,848,235,0.783010156971
253,254,877,206,0.809787626962
254,255,681,402,0.628808864266
255,256,783,300,0.722991689751
256,257,780,303,0.720221606648
257,258,626,457,0.578024007387
258,259,791,292,0.730378578024
259,260,799,284,0.737765466297
260,261,799,284,0.737765466297
261,262,822,261,0.759002770083
262,263,831,252,0.767313019391
263,264,814,269,0.75161588181
264,265,798,285,0.736842105263
265,266,787,296,0.726685133887
266,267,790,293,0.72945521699
267,268,833,250,0.769159741459
268,269,829,254,0.765466297322
269,270,788,295,0.727608494922
270,271,726,357,0.670360110803
271,272,741,342,0.684210526316
272,273,787,296,0.726685133887
273,274,788,295,0.727608494922
274,275,820,263,0.757156048015
275,276,850,233,0.78485687904
276,277,778,305,0.71837488458
277,278,875,208,0.807940904894
278,279,847,236,0.782086795937
279,280,835,248,0.771006463527
280,281,851,232,0.785780240074
281,282,875,208,0.807940904894
282,283,900,183,0.831024930748
283,284,836,247,0.771929824561
284,285,846,237,0.781163434903
285,286,889,194,0.820867959372
286,287,884,199,0.816251154201
287,288,849,234,0.783933518006
288,289,854,229,0.788550323176
289,290,891,192,0.82271468144
290,291,888,195,0.819944598338
291,292,826,257,0.76269621422
292,293,841,242,0.776546629732
293,294,881,202,0.813481071099
294,295,877,206,0.809787626962
295,296,889,194,0.820867959372
296,297,889,194,0.820867959372
297,298,870,213,0.803324099723
298,299,866,217,0.799630655586
299,300,816,267,0.753462603878
300,301,829,254,0.765466297322
301,302,848,235,0.783010156971
302,303,869,214,0.802400738689
303,304,834,249,0.770083102493
304,305,868,215,0.801477377655
305,306,882,201,0.814404432133
306,307,906,177,0.836565096953
307,308,901,182,0.831948291782
308,309,861,222,0.795013850416
309,310,853,230,0.787626962142
310,311,899,184,0.830101569714
311,312,883,200,0.815327793167
312,313,889,194,0.820867959372
313,314,907,176,0.837488457987
314,315,886,197,0.81809787627
315,316,784,299,0.723915050785
316,317,867,216,0.80055401662
317,318,847,236,0.782086795937
318,319,908,175,0.838411819021
319,320,856,227,0.790397045245
320,321,859,224,0.793167128347
321,322,913,170,0.843028624192
322,323,863,220,0.796860572484
323,324,871,212,0.804247460757
324,325,819,264,0.756232686981
325,326,849,234,0.783933518006
326,327,845,238,0.780240073869
327,328,746,337,0.688827331487
328,329,880,203,0.812557710065
329,330,867,216,0.80055401662
330,331,874,209,0.80701754386
331,332,902,181,0.832871652816
332,333,871,212,0.804247460757
333,334,863,220,0.796860572484
334,335,842,241,0.777469990766
335,336,847,236,0.782086795937
336,337,890,193,0.821791320406
337,338,879,204,0.81163434903
338,339,894,189,0.825484764543
339,340,920,163,0.849492151431
340,341,869,214,0.802400738689
341,342,862,221,0.79593721145
342,343,892,191,0.823638042475
343,344,881,202,0.813481071099
344,345,879,204,0.81163434903
345,346,902,181,0.832871652816
346,347,899,184,0.830101569714
347,348,864,219,0.797783933518
348,349,870,213,0.803324099723
349,350,874,209,0.80701754386
350,351,901,182,0.831948291782
351,352,883,200,0.815327793167
352,353,868,215,0.801477377655
353,354,918,165,0.847645429363
354,355,845,238,0.780240073869
355,356,872,211,0.805170821791
356,357,901,182,0.831948291782
357,358,888,195,0.819944598338
358,359,874,209,0.80701754386
359,360,881,202,0.813481071099
360,361,815,268,0.752539242844
361,362,894,189,0.825484764543
362,363,907,176,0.837488457987
363,364,872,211,0.805170821791
364,365,854,229,0.788550323176
365,366,840,243,0.775623268698
366,367,902,181,0.832871652816
367,368,893,190,0.824561403509
368,369,902,181,0.832871652816
369,370,851,232,0.785780240074
370,371,885,198,0.817174515235
371,372,878,205,0.810710987996
372,373,894,189,0.825484764543
373,374,893,190,0.824561403509
374,375,909,174,0.839335180055
375,376,880,203,0.812557710065
376,377,890,193,0.821791320406
377,378,918,165,0.847645429363
378,379,935,148,0.863342566944
379,380,923,160,0.852262234534
380,381,916,167,0.845798707295
381,382,877,206,0.809787626962
382,383,890,193,0.821791320406
383,384,914,169,0.843951985226
384,385,903,180,0.83379501385
385,386,919,164,0.848568790397
386,387,878,205,0.810710987996
387,388,922,161,0.8513388735
388,389,954,129,0.880886426593
389,390,905,178,0.835641735919
390,391,913,170,0.843028624192
391,392,932,151,0.860572483841
392,393,905,178,0.835641735919
393,394,912,171,0.842105263158
394,395,914,169,0.843951985226
395,396,877,206,0.809787626962
396,397,920,163,0.849492151431
397,398,904,179,0.834718374885
398,399,918,165,0.847645429363
