0,1,768,315,0.709141274238
1,2,713,370,0.658356417359
2,3,742,341,0.68513388735
3,4,832,251,0.768236380425
4,5,818,265,0.755309325946
5,6,824,259,0.760849492151
6,7,846,237,0.781163434903
7,8,848,235,0.783010156971
8,9,829,254,0.765466297322
9,10,867,216,0.80055401662
10,11,869,214,0.802400738689
11,12,852,231,0.786703601108
12,13,776,307,0.716528162512
13,14,823,260,0.759926131117
14,15,831,252,0.767313019391
15,16,814,269,0.75161588181
16,17,844,239,0.779316712835
17,18,831,252,0.767313019391
18,19,866,217,0.799630655586
19,20,904,179,0.834718374885
20,21,817,266,0.754385964912
21,22,815,268,0.752539242844
22,23,853,230,0.787626962142
23,24,861,222,0.795013850416
24,25,845,238,0.780240073869
25,26,841,242,0.776546629732
26,27,878,205,0.810710987996
27,28,886,197,0.81809787627
28,29,886,197,0.81809787627
29,30,806,277,0.744228993536
30,31,879,204,0.81163434903
31,32,867,216,0.80055401662
32,33,871,212,0.804247460757
33,34,848,235,0.783010156971
34,35,877,206,0.809787626962
35,36,860,223,0.794090489381
36,37,863,220,0.796860572484
37,38,844,239,0.779316712835
38,39,892,191,0.823638042475
39,40,875,208,0.807940904894
40,41,880,203,0.812557710065
41,42,836,247,0.771929824561
42,43,894,189,0.825484764543
43,44,887,196,0.819021237304
44,45,849,234,0.783933518006
45,46,876,207,0.808864265928
46,47,887,196,0.819021237304
47,48,865,218,0.798707294552
48,49,852,231,0.786703601108
49,50,886,197,0.81809787627
50,51,872,211,0.805170821791
51,52,879,204,0.81163434903
52,53,876,207,0.808864265928
53,54,865,218,0.798707294552
54,55,865,218,0.798707294552
55,56,877,206,0.809787626962
56,57,865,218,0.798707294552
57,58,877,206,0.809787626962
58,59,888,195,0.819944598338
59,60,862,221,0.79593721145
60,61,871,212,0.804247460757
61,62,888,195,0.819944598338
62,63,852,231,0.786703601108
63,64,874,209,0.80701754386
64,65,886,197,0.81809787627
65,66,871,212,0.804247460757
66,67,887,196,0.819021237304
67,68,878,205,0.810710987996
68,69,907,176,0.837488457987
69,70,869,214,0.802400738689
70,71,897,186,0.828254847645
71,72,885,198,0.817174515235
72,73,848,235,0.783010156971
73,74,864,219,0.797783933518
74,75,866,217,0.799630655586
75,76,851,232,0.785780240074
76,77,871,212,0.804247460757
77,78,867,216,0.80055401662
78,79,873,210,0.806094182825
79,80,857,226,0.791320406279
80,81,878,205,0.810710987996
81,82,878,205,0.810710987996
82,83,882,201,0.814404432133
83,84,895,188,0.826408125577
84,85,900,183,0.831024930748
85,86,895,188,0.826408125577
86,87,895,188,0.826408125577
87,88,903,180,0.83379501385
88,89,879,204,0.81163434903
89,90,861,222,0.795013850416
90,91,880,203,0.812557710065
91,92,873,210,0.806094182825
92,93,865,218,0.798707294552
93,94,896,187,0.827331486611
94,95,922,161,0.8513388735
95,96,877,206,0.809787626962
96,97,864,219,0.797783933518
97,98,896,187,0.827331486611
98,99,872,211,0.805170821791
99,100,815,268,0.752539242844
100,101,909,174,0.839335180055
101,102,896,187,0.827331486611
102,103,864,219,0.797783933518
103,104,902,181,0.832871652816
104,105,895,188,0.826408125577
105,106,898,185,0.82917820868
106,107,908,175,0.838411819021
107,108,865,218,0.798707294552
108,109,909,174,0.839335180055
109,110,881,202,0.813481071099
110,111,883,200,0.815327793167
111,112,857,226,0.791320406279
112,113,874,209,0.80701754386
113,114,919,164,0.848568790397
114,115,863,220,0.796860572484
115,116,902,181,0.832871652816
116,117,913,170,0.843028624192
117,118,908,175,0.838411819021
118,119,676,407,0.624192059095
119,120,705,378,0.650969529086
120,121,745,338,0.687903970452
121,122,816,267,0.753462603878
122,123,800,283,0.738688827331
123,124,755,328,0.697137580794
124,125,783,300,0.722991689751
125,126,818,265,0.755309325946
126,127,686,397,0.633425669437
127,128,772,311,0.712834718375
128,129,811,272,0.748845798707
129,130,754,329,0.69621421976
130,131,768,315,0.709141274238
131,132,772,311,0.712834718375
132,133,831,252,0.767313019391
133,134,790,293,0.72945521699
134,135,768,315,0.709141274238
135,136,764,319,0.705447830102
136,137,694,389,0.64081255771
137,138,731,352,0.674976915974
138,139,710,373,0.655586334257
139,140,822,261,0.759002770083
140,141,831,252,0.767313019391
141,142,786,297,0.725761772853
142,143,751,332,0.693444136657
143,144,865,218,0.798707294552
144,145,837,246,0.772853185596
145,146,851,232,0.785780240074
146,147,826,257,0.76269621422
147,148,861,222,0.795013850416
148,149,786,297,0.725761772853
149,150,778,305,0.71837488458
150,151,798,285,0.736842105263
151,152,722,361,0.666666666667
152,153,785,298,0.724838411819
153,154,783,300,0.722991689751
154,155,858,225,0.792243767313
155,156,816,267,0.753462603878
156,157,880,203,0.812557710065
157,158,748,335,0.690674053555
158,159,764,319,0.705447830102
159,160,880,203,0.812557710065
160,161,837,246,0.772853185596
161,162,878,205,0.810710987996
162,163,827,256,0.763619575254
163,164,860,223,0.794090489381
164,165,855,228,0.789473684211
165,166,859,224,0.793167128347
166,167,862,221,0.79593721145
167,168,775,308,0.715604801477
168,169,798,285,0.736842105263
169,170,637,446,0.588180978763
170,171,665,418,0.614035087719
171,172,818,265,0.755309325946
172,173,855,228,0.789473684211
173,174,781,302,0.721144967682
174,175,781,302,0.721144967682
175,176,781,302,0.721144967682
176,177,744,339,0.686980609418
177,178,818,265,0.755309325946
178,179,797,286,0.735918744229
179,180,791,292,0.730378578024
180,181,861,222,0.795013850416
181,182,766,317,0.70729455217
182,183,845,238,0.780240073869
183,184,852,231,0.786703601108
184,185,867,216,0.80055401662
185,186,823,260,0.759926131117
186,187,857,226,0.791320406279
187,188,854,229,0.788550323176
188,189,815,268,0.752539242844
189,190,768,315,0.709141274238
190,191,780,303,0.720221606648
191,192,823,260,0.759926131117
192,193,826,257,0.76269621422
193,194,810,273,0.747922437673
194,195,789,294,0.728531855956
195,196,794,289,0.733148661127
196,197,833,250,0.769159741459
197,198,802,281,0.7405355494
198,199,819,264,0.756232686981
199,200,861,222,0.795013850416
200,201,859,224,0.793167128347
201,202,830,253,0.766389658356
202,203,813,270,0.750692520776
203,204,830,253,0.766389658356
204,205,867,216,0.80055401662
205,206,804,279,0.742382271468
206,207,856,227,0.790397045245
207,208,748,335,0.690674053555
208,209,768,315,0.709141274238
209,210,732,351,0.675900277008
210,211,835,248,0.771006463527
211,212,825,258,0.761772853186
212,213,794,289,0.733148661127
213,214,792,291,0.731301939058
214,215,809,274,0.746999076639
215,216,833,250,0.769159741459
216,217,754,329,0.69621421976
217,218,713,370,0.658356417359
218,219,627,456,0.578947368421
219,220,836,247,0.771929824561
220,221,811,272,0.748845798707
221,222,701,382,0.647276084949
222,223,698,385,0.644506001847
223,224,719,364,0.663896583564
224,225,785,298,0.724838411819
225,226,750,333,0.692520775623
226,227,740,343,0.683287165282
227,228,684,399,0.631578947368
228,229,874,209,0.80701754386
229,230,767,316,0.708217913204
230,231,802,281,0.7405355494
231,232,812,271,0.749769159741
232,233,773,310,0.713758079409
233,234,859,224,0.793167128347
234,235,810,273,0.747922437673
235,236,746,337,0.688827331487
236,237,706,377,0.65189289012
237,238,704,379,0.650046168052
238,239,755,328,0.697137580794
239,240,751,332,0.693444136657
240,241,734,349,0.677746999077
241,242,789,294,0.728531855956
242,243,761,322,0.702677746999
243,244,796,287,0.734995383195
244,245,705,378,0.650969529086
245,246,805,278,0.743305632502
246,247,777,306,0.717451523546
247,248,746,337,0.688827331487
248,249,782,301,0.722068328717
249,250,748,335,0.690674053555
250,251,783,300,0.722991689751
251,252,788,295,0.727608494922
252,253,835,248,0.771006463527
253,254,899,184,0.830101569714
254,255,783,300,0.722991689751
255,256,745,338,0.687903970452
256,257,770,313,0.710987996307
257,258,690,393,0.637119113573
258,259,778,305,0.71837488458
259,260,772,311,0.712834718375
260,261,777,306,0.717451523546
261,262,812,271,0.749769159741
262,263,827,256,0.763619575254
263,264,806,277,0.744228993536
264,265,800,283,0.738688827331
265,266,792,291,0.731301939058
266,267,786,297,0.725761772853
267,268,783,300,0.722991689751
268,269,795,288,0.734072022161
269,270,753,330,0.695290858726
270,271,735,348,0.678670360111
271,272,714,369,0.659279778393
272,273,773,310,0.713758079409
273,274,790,293,0.72945521699
274,275,815,268,0.752539242844
275,276,849,234,0.783933518006
276,277,786,297,0.725761772853
277,278,871,212,0.804247460757
278,279,852,231,0.786703601108
279,280,858,225,0.792243767313
280,281,833,250,0.769159741459
281,282,868,215,0.801477377655
282,283,898,185,0.82917820868
283,284,836,247,0.771929824561
284,285,849,234,0.783933518006
285,286,887,196,0.819021237304
286,287,898,185,0.82917820868
287,288,842,241,0.777469990766
288,289,856,227,0.790397045245
289,290,875,208,0.807940904894
290,291,872,211,0.805170821791
291,292,871,212,0.804247460757
292,293,873,210,0.806094182825
293,294,870,213,0.803324099723
294,295,873,210,0.806094182825
295,296,886,197,0.81809787627
296,297,878,205,0.810710987996
297,298,850,233,0.78485687904
298,299,862,221,0.79593721145
299,300,869,214,0.802400738689
300,301,842,241,0.777469990766
301,302,839,244,0.774699907664
302,303,845,238,0.780240073869
303,304,854,229,0.788550323176
304,305,888,195,0.819944598338
305,306,900,183,0.831024930748
306,307,889,194,0.820867959372
307,308,883,200,0.815327793167
308,309,842,241,0.777469990766
309,310,852,231,0.786703601108
310,311,861,222,0.795013850416
311,312,867,216,0.80055401662
312,313,898,185,0.82917820868
313,314,826,257,0.76269621422
314,315,865,218,0.798707294552
315,316,833,250,0.769159741459
316,317,827,256,0.763619575254
317,318,865,218,0.798707294552
318,319,880,203,0.812557710065
319,320,851,232,0.785780240074
320,321,877,206,0.809787626962
321,322,920,163,0.849492151431
322,323,866,217,0.799630655586
323,324,892,191,0.823638042475
324,325,855,228,0.789473684211
325,326,872,211,0.805170821791
326,327,836,247,0.771929824561
327,328,703,380,0.649122807018
328,329,870,213,0.803324099723
329,330,823,260,0.759926131117
330,331,863,220,0.796860572484
331,332,903,180,0.83379501385
332,333,898,185,0.82917820868
333,334,908,175,0.838411819021
334,335,859,224,0.793167128347
335,336,838,245,0.77377654663
336,337,890,193,0.821791320406
337,338,883,200,0.815327793167
338,339,896,187,0.827331486611
339,340,919,164,0.848568790397
340,341,851,232,0.785780240074
341,342,874,209,0.80701754386
342,343,918,165,0.847645429363
343,344,894,189,0.825484764543
344,345,864,219,0.797783933518
345,346,885,198,0.817174515235
346,347,911,172,0.841181902124
347,348,867,216,0.80055401662
348,349,889,194,0.820867959372
349,350,895,188,0.826408125577
350,351,911,172,0.841181902124
351,352,894,189,0.825484764543
352,353,883,200,0.815327793167
353,354,914,169,0.843951985226
354,355,875,208,0.807940904894
355,356,888,195,0.819944598338
356,357,917,166,0.846722068329
357,358,918,165,0.847645429363
358,359,886,197,0.81809787627
359,360,892,191,0.823638042475
360,361,844,239,0.779316712835
361,362,891,192,0.82271468144
362,363,912,171,0.842105263158
363,364,887,196,0.819021237304
364,365,840,243,0.775623268698
365,366,872,211,0.805170821791
366,367,904,179,0.834718374885
367,368,886,197,0.81809787627
368,369,888,195,0.819944598338
369,370,876,207,0.808864265928
370,371,889,194,0.820867959372
371,372,891,192,0.82271468144
372,373,881,202,0.813481071099
373,374,886,197,0.81809787627
374,375,932,151,0.860572483841
375,376,851,232,0.785780240074
376,377,878,205,0.810710987996
377,378,895,188,0.826408125577
378,379,940,143,0.867959372114
379,380,926,157,0.855032317636
380,381,909,174,0.839335180055
381,382,885,198,0.817174515235
382,383,888,195,0.819944598338
383,384,909,174,0.839335180055
384,385,927,156,0.85595567867
385,386,921,162,0.850415512465
386,387,886,197,0.81809787627
387,388,935,148,0.863342566944
388,389,927,156,0.85595567867
389,390,908,175,0.838411819021
390,391,932,151,0.860572483841
391,392,919,164,0.848568790397
392,393,906,177,0.836565096953
393,394,919,164,0.848568790397
394,395,922,161,0.8513388735
395,396,862,221,0.79593721145
396,397,921,162,0.850415512465
397,398,907,176,0.837488457987
398,399,898,185,0.82917820868
