0,1,723,360,0.667590027701
1,2,749,334,0.691597414589
2,3,771,312,0.711911357341
3,4,754,329,0.69621421976
4,5,802,281,0.7405355494
5,6,789,294,0.728531855956
6,7,850,233,0.78485687904
7,8,810,273,0.747922437673
8,9,834,249,0.770083102493
9,10,827,256,0.763619575254
10,11,863,220,0.796860572484
11,12,855,228,0.789473684211
12,13,830,253,0.766389658356
13,14,778,305,0.71837488458
14,15,831,252,0.767313019391
15,16,841,242,0.776546629732
16,17,828,255,0.764542936288
17,18,836,247,0.771929824561
18,19,849,234,0.783933518006
19,20,881,202,0.813481071099
20,21,843,240,0.778393351801
21,22,898,185,0.82917820868
22,23,857,226,0.791320406279
23,24,893,190,0.824561403509
24,25,819,264,0.756232686981
25,26,834,249,0.770083102493
26,27,897,186,0.828254847645
27,28,814,269,0.75161588181
28,29,825,258,0.761772853186
29,30,839,244,0.774699907664
30,31,868,215,0.801477377655
31,32,905,178,0.835641735919
32,33,862,221,0.79593721145
33,34,863,220,0.796860572484
34,35,848,235,0.783010156971
35,36,840,243,0.775623268698
36,37,869,214,0.802400738689
37,38,877,206,0.809787626962
38,39,889,194,0.820867959372
39,40,861,222,0.795013850416
40,41,891,192,0.82271468144
41,42,870,213,0.803324099723
42,43,894,189,0.825484764543
43,44,898,185,0.82917820868
44,45,860,223,0.794090489381
45,46,868,215,0.801477377655
46,47,925,158,0.854108956602
47,48,886,197,0.81809787627
48,49,838,245,0.77377654663
49,50,899,184,0.830101569714
50,51,875,208,0.807940904894
51,52,866,217,0.799630655586
52,53,882,201,0.814404432133
53,54,840,243,0.775623268698
54,55,887,196,0.819021237304
55,56,872,211,0.805170821791
56,57,871,212,0.804247460757
57,58,880,203,0.812557710065
58,59,883,200,0.815327793167
59,60,864,219,0.797783933518
60,61,876,207,0.808864265928
61,62,847,236,0.782086795937
62,63,853,230,0.787626962142
63,64,887,196,0.819021237304
64,65,876,207,0.808864265928
65,66,876,207,0.808864265928
66,67,912,171,0.842105263158
67,68,892,191,0.823638042475
68,69,887,196,0.819021237304
69,70,887,196,0.819021237304
70,71,898,185,0.82917820868
71,72,896,187,0.827331486611
72,73,847,236,0.782086795937
73,74,827,256,0.763619575254
74,75,891,192,0.82271468144
75,76,877,206,0.809787626962
76,77,876,207,0.808864265928
77,78,873,210,0.806094182825
78,79,884,199,0.816251154201
79,80,868,215,0.801477377655
80,81,896,187,0.827331486611
81,82,859,224,0.793167128347
82,83,886,197,0.81809787627
83,84,888,195,0.819944598338
84,85,914,169,0.843951985226
85,86,890,193,0.821791320406
86,87,875,208,0.807940904894
87,88,856,227,0.790397045245
88,89,891,192,0.82271468144
89,90,858,225,0.792243767313
90,91,872,211,0.805170821791
91,92,899,184,0.830101569714
92,93,851,232,0.785780240074
93,94,858,225,0.792243767313
94,95,898,185,0.82917820868
95,96,894,189,0.825484764543
96,97,857,226,0.791320406279
97,98,903,180,0.83379501385
98,99,865,218,0.798707294552
99,100,894,189,0.825484764543
100,101,880,203,0.812557710065
101,102,898,185,0.82917820868
102,103,865,218,0.798707294552
103,104,865,218,0.798707294552
104,105,884,199,0.816251154201
105,106,901,182,0.831948291782
106,107,870,213,0.803324099723
107,108,876,207,0.808864265928
108,109,900,183,0.831024930748
109,110,855,228,0.789473684211
110,111,884,199,0.816251154201
111,112,882,201,0.814404432133
112,113,891,192,0.82271468144
113,114,912,171,0.842105263158
114,115,862,221,0.79593721145
115,116,899,184,0.830101569714
116,117,883,200,0.815327793167
117,118,835,248,0.771006463527
118,119,704,379,0.650046168052
119,120,696,387,0.642659279778
120,121,761,322,0.702677746999
121,122,822,261,0.759002770083
122,123,838,245,0.77377654663
123,124,738,345,0.681440443213
124,125,822,261,0.759002770083
125,126,792,291,0.731301939058
126,127,705,378,0.650969529086
127,128,809,274,0.746999076639
128,129,845,238,0.780240073869
129,130,768,315,0.709141274238
130,131,779,304,0.719298245614
131,132,775,308,0.715604801477
132,133,825,258,0.761772853186
133,134,753,330,0.695290858726
134,135,725,358,0.669436749769
135,136,770,313,0.710987996307
136,137,704,379,0.650046168052
137,138,737,346,0.680517082179
138,139,739,344,0.682363804247
139,140,790,293,0.72945521699
140,141,794,289,0.733148661127
141,142,817,266,0.754385964912
142,143,763,320,0.704524469067
143,144,840,243,0.775623268698
144,145,792,291,0.731301939058
145,146,851,232,0.785780240074
146,147,828,255,0.764542936288
147,148,824,259,0.760849492151
148,149,763,320,0.704524469067
149,150,775,308,0.715604801477
150,151,813,270,0.750692520776
151,152,706,377,0.65189289012
152,153,799,284,0.737765466297
153,154,784,299,0.723915050785
154,155,874,209,0.80701754386
155,156,810,273,0.747922437673
156,157,888,195,0.819944598338
157,158,762,321,0.703601108033
158,159,766,317,0.70729455217
159,160,836,247,0.771929824561
160,161,844,239,0.779316712835
161,162,861,222,0.795013850416
162,163,800,283,0.738688827331
163,164,828,255,0.764542936288
164,165,865,218,0.798707294552
165,166,847,236,0.782086795937
166,167,858,225,0.792243767313
167,168,783,300,0.722991689751
168,169,810,273,0.747922437673
169,170,621,462,0.573407202216
170,171,660,423,0.609418282548
171,172,819,264,0.756232686981
172,173,812,271,0.749769159741
173,174,768,315,0.709141274238
174,175,775,308,0.715604801477
175,176,774,309,0.714681440443
176,177,759,324,0.700831024931
177,178,825,258,0.761772853186
178,179,790,293,0.72945521699
179,180,790,293,0.72945521699
180,181,810,273,0.747922437673
181,182,752,331,0.694367497692
182,183,852,231,0.786703601108
183,184,836,247,0.771929824561
184,185,855,228,0.789473684211
185,186,857,226,0.791320406279
186,187,844,239,0.779316712835
187,188,854,229,0.788550323176
188,189,788,295,0.727608494922
189,190,780,303,0.720221606648
190,191,789,294,0.728531855956
191,192,786,297,0.725761772853
192,193,828,255,0.764542936288
193,194,798,285,0.736842105263
194,195,788,295,0.727608494922
195,196,810,273,0.747922437673
196,197,823,260,0.759926131117
197,198,791,292,0.730378578024
198,199,808,275,0.746075715605
199,200,825,258,0.761772853186
200,201,848,235,0.783010156971
201,202,834,249,0.770083102493
202,203,815,268,0.752539242844
203,204,838,245,0.77377654663
204,205,853,230,0.787626962142
205,206,827,256,0.763619575254
206,207,864,219,0.797783933518
207,208,751,332,0.693444136657
208,209,776,307,0.716528162512
209,210,773,310,0.713758079409
210,211,798,285,0.736842105263
211,212,843,240,0.778393351801
212,213,793,290,0.732225300092
213,214,795,288,0.734072022161
214,215,815,268,0.752539242844
215,216,844,239,0.779316712835
216,217,770,313,0.710987996307
217,218,724,359,0.668513388735
218,219,662,421,0.611265004617
219,220,752,331,0.694367497692
220,221,786,297,0.725761772853
221,222,673,410,0.621421975993
222,223,746,337,0.688827331487
223,224,688,395,0.635272391505
224,225,797,286,0.735918744229
225,226,728,355,0.672206832872
226,227,724,359,0.668513388735
227,228,661,422,0.610341643583
228,229,871,212,0.804247460757
229,230,779,304,0.719298245614
230,231,820,263,0.757156048015
231,232,860,223,0.794090489381
232,233,800,283,0.738688827331
233,234,744,339,0.686980609418
234,235,810,273,0.747922437673
235,236,754,329,0.69621421976
236,237,665,418,0.614035087719
237,238,735,348,0.678670360111
238,239,757,326,0.698984302862
239,240,756,327,0.698060941828
240,241,717,366,0.662049861496
241,242,787,296,0.726685133887
242,243,781,302,0.721144967682
243,244,832,251,0.768236380425
244,245,705,378,0.650969529086
245,246,801,282,0.739612188366
246,247,728,355,0.672206832872
247,248,720,363,0.664819944598
248,249,802,281,0.7405355494
249,250,752,331,0.694367497692
250,251,769,314,0.710064635272
251,252,798,285,0.736842105263
252,253,834,249,0.770083102493
253,254,885,198,0.817174515235
254,255,782,301,0.722068328717
255,256,733,350,0.676823638042
256,257,635,448,0.586334256694
257,258,706,377,0.65189289012
258,259,782,301,0.722068328717
259,260,755,328,0.697137580794
260,261,791,292,0.730378578024
261,262,785,298,0.724838411819
262,263,829,254,0.765466297322
263,264,820,263,0.757156048015
264,265,797,286,0.735918744229
265,266,787,296,0.726685133887
266,267,787,296,0.726685133887
267,268,836,247,0.771929824561
268,269,818,265,0.755309325946
269,270,778,305,0.71837488458
270,271,693,390,0.639889196676
271,272,721,362,0.665743305633
272,273,742,341,0.68513388735
273,274,796,287,0.734995383195
274,275,818,265,0.755309325946
275,276,861,222,0.795013850416
276,277,772,311,0.712834718375
277,278,866,217,0.799630655586
278,279,843,240,0.778393351801
279,280,847,236,0.782086795937
280,281,839,244,0.774699907664
281,282,864,219,0.797783933518
282,283,893,190,0.824561403509
283,284,849,234,0.783933518006
284,285,841,242,0.776546629732
285,286,888,195,0.819944598338
286,287,882,201,0.814404432133
287,288,850,233,0.78485687904
288,289,867,216,0.80055401662
289,290,882,201,0.814404432133
290,291,871,212,0.804247460757
291,292,840,243,0.775623268698
292,293,873,210,0.806094182825
293,294,875,208,0.807940904894
294,295,878,205,0.810710987996
295,296,877,206,0.809787626962
296,297,890,193,0.821791320406
297,298,840,243,0.775623268698
298,299,861,222,0.795013850416
299,300,862,221,0.79593721145
300,301,829,254,0.765466297322
301,302,872,211,0.805170821791
302,303,862,221,0.79593721145
303,304,856,227,0.790397045245
304,305,882,201,0.814404432133
305,306,883,200,0.815327793167
306,307,903,180,0.83379501385
307,308,901,182,0.831948291782
308,309,853,230,0.787626962142
309,310,859,224,0.793167128347
310,311,844,239,0.779316712835
311,312,849,234,0.783933518006
312,313,883,200,0.815327793167
313,314,932,151,0.860572483841
314,315,899,184,0.830101569714
315,316,790,293,0.72945521699
316,317,847,236,0.782086795937
317,318,865,218,0.798707294552
318,319,898,185,0.82917820868
319,320,865,218,0.798707294552
320,321,886,197,0.81809787627
321,322,901,182,0.831948291782
322,323,860,223,0.794090489381
323,324,873,210,0.806094182825
324,325,870,213,0.803324099723
325,326,859,224,0.793167128347
326,327,845,238,0.780240073869
327,328,750,333,0.692520775623
328,329,871,212,0.804247460757
329,330,861,222,0.795013850416
330,331,882,201,0.814404432133
331,332,879,204,0.81163434903
332,333,859,224,0.793167128347
333,334,894,189,0.825484764543
334,335,818,265,0.755309325946
335,336,848,235,0.783010156971
336,337,882,201,0.814404432133
337,338,883,200,0.815327793167
338,339,845,238,0.780240073869
339,340,916,167,0.845798707295
340,341,873,210,0.806094182825
341,342,873,210,0.806094182825
342,343,896,187,0.827331486611
343,344,867,216,0.80055401662
344,345,875,208,0.807940904894
345,346,905,178,0.835641735919
346,347,876,207,0.808864265928
347,348,868,215,0.801477377655
348,349,885,198,0.817174515235
349,350,882,201,0.814404432133
350,351,923,160,0.852262234534
351,352,876,207,0.808864265928
352,353,882,201,0.814404432133
353,354,914,169,0.843951985226
354,355,846,237,0.781163434903
355,356,766,317,0.70729455217
356,357,896,187,0.827331486611
357,358,899,184,0.830101569714
358,359,894,189,0.825484764543
359,360,891,192,0.82271468144
360,361,845,238,0.780240073869
361,362,883,200,0.815327793167
362,363,877,206,0.809787626962
363,364,860,223,0.794090489381
364,365,846,237,0.781163434903
365,366,861,222,0.795013850416
366,367,901,182,0.831948291782
367,368,896,187,0.827331486611
368,369,840,243,0.775623268698
369,370,859,224,0.793167128347
370,371,908,175,0.838411819021
371,372,894,189,0.825484764543
372,373,863,220,0.796860572484
373,374,915,168,0.84487534626
374,375,929,154,0.857802400739
375,376,853,230,0.787626962142
376,377,886,197,0.81809787627
377,378,916,167,0.845798707295
378,379,937,146,0.865189289012
379,380,921,162,0.850415512465
380,381,927,156,0.85595567867
381,382,885,198,0.817174515235
382,383,885,198,0.817174515235
383,384,914,169,0.843951985226
384,385,914,169,0.843951985226
385,386,909,174,0.839335180055
386,387,911,172,0.841181902124
387,388,907,176,0.837488457987
388,389,951,132,0.87811634349
389,390,909,174,0.839335180055
390,391,914,169,0.843951985226
391,392,931,152,0.859649122807
392,393,910,173,0.84025854109
393,394,912,171,0.842105263158
394,395,903,180,0.83379501385
395,396,853,230,0.787626962142
396,397,915,168,0.84487534626
397,398,888,195,0.819944598338
398,399,912,171,0.842105263158
