0,1,768,315,0.709141274238
1,2,746,337,0.688827331487
2,3,790,293,0.72945521699
3,4,813,270,0.750692520776
4,5,796,287,0.734995383195
5,6,744,339,0.686980609418
6,7,776,307,0.716528162512
7,8,853,230,0.787626962142
8,9,833,250,0.769159741459
9,10,842,241,0.777469990766
10,11,844,239,0.779316712835
11,12,849,234,0.783933518006
12,13,828,255,0.764542936288
13,14,813,270,0.750692520776
14,15,810,273,0.747922437673
15,16,835,248,0.771006463527
16,17,832,251,0.768236380425
17,18,823,260,0.759926131117
18,19,844,239,0.779316712835
19,20,871,212,0.804247460757
20,21,833,250,0.769159741459
21,22,880,203,0.812557710065
22,23,847,236,0.782086795937
23,24,860,223,0.794090489381
24,25,849,234,0.783933518006
25,26,856,227,0.790397045245
26,27,903,180,0.83379501385
27,28,886,197,0.81809787627
28,29,879,204,0.81163434903
29,30,832,251,0.768236380425
30,31,850,233,0.78485687904
31,32,888,195,0.819944598338
32,33,811,272,0.748845798707
33,34,843,240,0.778393351801
34,35,837,246,0.772853185596
35,36,857,226,0.791320406279
36,37,884,199,0.816251154201
37,38,892,191,0.823638042475
38,39,902,181,0.832871652816
39,40,869,214,0.802400738689
40,41,869,214,0.802400738689
41,42,875,208,0.807940904894
42,43,898,185,0.82917820868
43,44,879,204,0.81163434903
44,45,839,244,0.774699907664
45,46,859,224,0.793167128347
46,47,902,181,0.832871652816
47,48,891,192,0.82271468144
48,49,831,252,0.767313019391
49,50,890,193,0.821791320406
50,51,877,206,0.809787626962
51,52,909,174,0.839335180055
52,53,868,215,0.801477377655
53,54,875,208,0.807940904894
54,55,876,207,0.808864265928
55,56,886,197,0.81809787627
56,57,823,260,0.759926131117
57,58,891,192,0.82271468144
58,59,891,192,0.82271468144
59,60,858,225,0.792243767313
60,61,875,208,0.807940904894
61,62,890,193,0.821791320406
62,63,875,208,0.807940904894
63,64,843,240,0.778393351801
64,65,884,199,0.816251154201
65,66,890,193,0.821791320406
66,67,884,199,0.816251154201
67,68,859,224,0.793167128347
68,69,903,180,0.83379501385
69,70,901,182,0.831948291782
70,71,889,194,0.820867959372
71,72,906,177,0.836565096953
72,73,854,229,0.788550323176
73,74,846,237,0.781163434903
74,75,895,188,0.826408125577
75,76,878,205,0.810710987996
76,77,891,192,0.82271468144
77,78,881,202,0.813481071099
78,79,890,193,0.821791320406
79,80,868,215,0.801477377655
80,81,907,176,0.837488457987
81,82,897,186,0.828254847645
82,83,875,208,0.807940904894
83,84,878,205,0.810710987996
84,85,913,170,0.843028624192
85,86,903,180,0.83379501385
86,87,876,207,0.808864265928
87,88,895,188,0.826408125577
88,89,906,177,0.836565096953
89,90,862,221,0.79593721145
90,91,888,195,0.819944598338
91,92,888,195,0.819944598338
92,93,878,205,0.810710987996
93,94,895,188,0.826408125577
94,95,908,175,0.838411819021
95,96,893,190,0.824561403509
96,97,874,209,0.80701754386
97,98,919,164,0.848568790397
98,99,850,233,0.78485687904
99,100,908,175,0.838411819021
100,101,903,180,0.83379501385
101,102,911,172,0.841181902124
102,103,858,225,0.792243767313
103,104,859,224,0.793167128347
104,105,891,192,0.82271468144
105,106,909,174,0.839335180055
106,107,899,184,0.830101569714
107,108,869,214,0.802400738689
108,109,922,161,0.8513388735
109,110,860,223,0.794090489381
110,111,912,171,0.842105263158
111,112,870,213,0.803324099723
112,113,899,184,0.830101569714
113,114,931,152,0.859649122807
114,115,883,200,0.815327793167
115,116,908,175,0.838411819021
116,117,917,166,0.846722068329
117,118,932,151,0.860572483841
118,119,710,373,0.655586334257
119,120,699,384,0.645429362881
120,121,773,310,0.713758079409
121,122,820,263,0.757156048015
122,123,854,229,0.788550323176
123,124,636,447,0.587257617729
124,125,821,262,0.758079409049
125,126,808,275,0.746075715605
126,127,696,387,0.642659279778
127,128,805,278,0.743305632502
128,129,843,240,0.778393351801
129,130,723,360,0.667590027701
130,131,734,349,0.677746999077
131,132,763,320,0.704524469067
132,133,837,246,0.772853185596
133,134,805,278,0.743305632502
134,135,764,319,0.705447830102
135,136,809,274,0.746999076639
136,137,672,411,0.620498614958
137,138,713,370,0.658356417359
138,139,751,332,0.693444136657
139,140,826,257,0.76269621422
140,141,810,273,0.747922437673
141,142,810,273,0.747922437673
142,143,760,323,0.701754385965
143,144,837,246,0.772853185596
144,145,842,241,0.777469990766
145,146,845,238,0.780240073869
146,147,839,244,0.774699907664
147,148,857,226,0.791320406279
148,149,776,307,0.716528162512
149,150,779,304,0.719298245614
150,151,831,252,0.767313019391
151,152,734,349,0.677746999077
152,153,790,293,0.72945521699
153,154,788,295,0.727608494922
154,155,865,218,0.798707294552
155,156,793,290,0.732225300092
156,157,888,195,0.819944598338
157,158,769,314,0.710064635272
158,159,772,311,0.712834718375
159,160,839,244,0.774699907664
160,161,835,248,0.771006463527
161,162,878,205,0.810710987996
162,163,834,249,0.770083102493
163,164,865,218,0.798707294552
164,165,875,208,0.807940904894
165,166,843,240,0.778393351801
166,167,861,222,0.795013850416
167,168,769,314,0.710064635272
168,169,752,331,0.694367497692
169,170,636,447,0.587257617729
170,171,649,434,0.599261311173
171,172,811,272,0.748845798707
172,173,853,230,0.787626962142
173,174,784,299,0.723915050785
174,175,783,300,0.722991689751
175,176,813,270,0.750692520776
176,177,770,313,0.710987996307
177,178,799,284,0.737765466297
178,179,782,301,0.722068328717
179,180,768,315,0.709141274238
180,181,863,220,0.796860572484
181,182,763,320,0.704524469067
182,183,846,237,0.781163434903
183,184,863,220,0.796860572484
184,185,886,197,0.81809787627
185,186,878,205,0.810710987996
186,187,849,234,0.783933518006
187,188,850,233,0.78485687904
188,189,800,283,0.738688827331
189,190,787,296,0.726685133887
190,191,783,300,0.722991689751
191,192,794,289,0.733148661127
192,193,845,238,0.780240073869
193,194,816,267,0.753462603878
194,195,793,290,0.732225300092
195,196,817,266,0.754385964912
196,197,822,261,0.759002770083
197,198,805,278,0.743305632502
198,199,804,279,0.742382271468
199,200,855,228,0.789473684211
200,201,836,247,0.771929824561
201,202,851,232,0.785780240074
202,203,816,267,0.753462603878
203,204,814,269,0.75161588181
204,205,853,230,0.787626962142
205,206,808,275,0.746075715605
206,207,853,230,0.787626962142
207,208,759,324,0.700831024931
208,209,855,228,0.789473684211
209,210,810,273,0.747922437673
210,211,819,264,0.756232686981
211,212,827,256,0.763619575254
212,213,783,300,0.722991689751
213,214,814,269,0.75161588181
214,215,810,273,0.747922437673
215,216,820,263,0.757156048015
216,217,794,289,0.733148661127
217,218,719,364,0.663896583564
218,219,604,479,0.557710064635
219,220,808,275,0.746075715605
220,221,799,284,0.737765466297
221,222,656,427,0.605724838412
222,223,720,363,0.664819944598
223,224,745,338,0.687903970452
224,225,695,388,0.641735918744
225,226,734,349,0.677746999077
226,227,719,364,0.663896583564
227,228,624,459,0.576177285319
228,229,892,191,0.823638042475
229,230,769,314,0.710064635272
230,231,788,295,0.727608494922
231,232,839,244,0.774699907664
232,233,778,305,0.71837488458
233,234,862,221,0.79593721145
234,235,798,285,0.736842105263
235,236,729,354,0.673130193906
236,237,646,437,0.59649122807
237,238,646,437,0.59649122807
238,239,784,299,0.723915050785
239,240,764,319,0.705447830102
240,241,712,371,0.657433056325
241,242,800,283,0.738688827331
242,243,771,312,0.711911357341
243,244,801,282,0.739612188366
244,245,649,434,0.599261311173
245,246,783,300,0.722991689751
246,247,753,330,0.695290858726
247,248,712,371,0.657433056325
248,249,768,315,0.709141274238
249,250,730,353,0.67405355494
250,251,765,318,0.706371191136
251,252,808,275,0.746075715605
252,253,826,257,0.76269621422
253,254,862,221,0.79593721145
254,255,780,303,0.720221606648
255,256,730,353,0.67405355494
256,257,784,299,0.723915050785
257,258,722,361,0.666666666667
258,259,711,372,0.656509695291
259,260,766,317,0.70729455217
260,261,811,272,0.748845798707
261,262,810,273,0.747922437673
262,263,835,248,0.771006463527
263,264,823,260,0.759926131117
264,265,788,295,0.727608494922
265,266,798,285,0.736842105263
266,267,792,291,0.731301939058
267,268,793,290,0.732225300092
268,269,807,276,0.745152354571
269,270,735,348,0.678670360111
270,271,703,380,0.649122807018
271,272,750,333,0.692520775623
272,273,769,314,0.710064635272
273,274,781,302,0.721144967682
274,275,800,283,0.738688827331
275,276,854,229,0.788550323176
276,277,810,273,0.747922437673
277,278,867,216,0.80055401662
278,279,833,250,0.769159741459
279,280,849,234,0.783933518006
280,281,818,265,0.755309325946
281,282,855,228,0.789473684211
282,283,892,191,0.823638042475
283,284,865,218,0.798707294552
284,285,830,253,0.766389658356
285,286,878,205,0.810710987996
286,287,886,197,0.81809787627
287,288,855,228,0.789473684211
288,289,873,210,0.806094182825
289,290,902,181,0.832871652816
290,291,881,202,0.813481071099
291,292,867,216,0.80055401662
292,293,875,208,0.807940904894
293,294,866,217,0.799630655586
294,295,863,220,0.796860572484
295,296,881,202,0.813481071099
296,297,896,187,0.827331486611
297,298,838,245,0.77377654663
298,299,857,226,0.791320406279
299,300,808,275,0.746075715605
300,301,838,245,0.77377654663
301,302,853,230,0.787626962142
302,303,868,215,0.801477377655
303,304,837,246,0.772853185596
304,305,875,208,0.807940904894
305,306,910,173,0.84025854109
306,307,897,186,0.828254847645
307,308,890,193,0.821791320406
308,309,864,219,0.797783933518
309,310,848,235,0.783010156971
310,311,875,208,0.807940904894
311,312,880,203,0.812557710065
312,313,888,195,0.819944598338
313,314,915,168,0.84487534626
314,315,895,188,0.826408125577
315,316,817,266,0.754385964912
316,317,890,193,0.821791320406
317,318,856,227,0.790397045245
318,319,900,183,0.831024930748
319,320,859,224,0.793167128347
320,321,854,229,0.788550323176
321,322,894,189,0.825484764543
322,323,873,210,0.806094182825
323,324,866,217,0.799630655586
324,325,845,238,0.780240073869
325,326,860,223,0.794090489381
326,327,882,201,0.814404432133
327,328,726,357,0.670360110803
328,329,903,180,0.83379501385
329,330,856,227,0.790397045245
330,331,882,201,0.814404432133
331,332,918,165,0.847645429363
332,333,881,202,0.813481071099
333,334,889,194,0.820867959372
334,335,858,225,0.792243767313
335,336,857,226,0.791320406279
336,337,877,206,0.809787626962
337,338,879,204,0.81163434903
338,339,901,182,0.831948291782
339,340,919,164,0.848568790397
340,341,845,238,0.780240073869
341,342,885,198,0.817174515235
342,343,899,184,0.830101569714
343,344,865,218,0.798707294552
344,345,859,224,0.793167128347
345,346,891,192,0.82271468144
346,347,888,195,0.819944598338
347,348,878,205,0.810710987996
348,349,872,211,0.805170821791
349,350,875,208,0.807940904894
350,351,911,172,0.841181902124
351,352,890,193,0.821791320406
352,353,879,204,0.81163434903
353,354,923,160,0.852262234534
354,355,859,224,0.793167128347
355,356,894,189,0.825484764543
356,357,888,195,0.819944598338
357,358,909,174,0.839335180055
358,359,870,213,0.803324099723
359,360,899,184,0.830101569714
360,361,843,240,0.778393351801
361,362,902,181,0.832871652816
362,363,906,177,0.836565096953
363,364,870,213,0.803324099723
364,365,848,235,0.783010156971
365,366,885,198,0.817174515235
366,367,885,198,0.817174515235
367,368,896,187,0.827331486611
368,369,902,181,0.832871652816
369,370,836,247,0.771929824561
370,371,892,191,0.823638042475
371,372,907,176,0.837488457987
372,373,888,195,0.819944598338
373,374,907,176,0.837488457987
374,375,922,161,0.8513388735
375,376,860,223,0.794090489381
376,377,898,185,0.82917820868
377,378,920,163,0.849492151431
378,379,940,143,0.867959372114
379,380,934,149,0.86241920591
380,381,937,146,0.865189289012
381,382,892,191,0.823638042475
382,383,894,189,0.825484764543
383,384,907,176,0.837488457987
384,385,897,186,0.828254847645
385,386,889,194,0.820867959372
386,387,923,160,0.852262234534
387,388,928,155,0.856879039705
388,389,932,151,0.860572483841
389,390,906,177,0.836565096953
390,391,922,161,0.8513388735
391,392,892,191,0.823638042475
392,393,911,172,0.841181902124
393,394,908,175,0.838411819021
394,395,890,193,0.821791320406
395,396,894,189,0.825484764543
396,397,922,161,0.8513388735
397,398,889,194,0.820867959372
398,399,901,182,0.831948291782
