0,1,766,317,0.70729455217
1,2,746,337,0.688827331487
2,3,744,339,0.686980609418
3,4,813,270,0.750692520776
4,5,746,337,0.688827331487
5,6,804,279,0.742382271468
6,7,844,239,0.779316712835
7,8,827,256,0.763619575254
8,9,812,271,0.749769159741
9,10,834,249,0.770083102493
10,11,820,263,0.757156048015
11,12,828,255,0.764542936288
12,13,789,294,0.728531855956
13,14,799,284,0.737765466297
14,15,754,329,0.69621421976
15,16,829,254,0.765466297322
16,17,852,231,0.786703601108
17,18,818,265,0.755309325946
18,19,836,247,0.771929824561
19,20,888,195,0.819944598338
20,21,778,305,0.71837488458
21,22,853,230,0.787626962142
22,23,844,239,0.779316712835
23,24,853,230,0.787626962142
24,25,841,242,0.776546629732
25,26,810,273,0.747922437673
26,27,843,240,0.778393351801
27,28,843,240,0.778393351801
28,29,865,218,0.798707294552
29,30,815,268,0.752539242844
30,31,858,225,0.792243767313
31,32,832,251,0.768236380425
32,33,849,234,0.783933518006
33,34,851,232,0.785780240074
34,35,850,233,0.78485687904
35,36,834,249,0.770083102493
36,37,874,209,0.80701754386
37,38,854,229,0.788550323176
38,39,866,217,0.799630655586
39,40,872,211,0.805170821791
40,41,858,225,0.792243767313
41,42,864,219,0.797783933518
42,43,878,205,0.810710987996
43,44,872,211,0.805170821791
44,45,845,238,0.780240073869
45,46,856,227,0.790397045245
46,47,873,210,0.806094182825
47,48,870,213,0.803324099723
48,49,794,289,0.733148661127
49,50,893,190,0.824561403509
50,51,876,207,0.808864265928
51,52,888,195,0.819944598338
52,53,866,217,0.799630655586
53,54,881,202,0.813481071099
54,55,835,248,0.771006463527
55,56,858,225,0.792243767313
56,57,876,207,0.808864265928
57,58,883,200,0.815327793167
58,59,887,196,0.819021237304
59,60,846,237,0.781163434903
60,61,875,208,0.807940904894
61,62,882,201,0.814404432133
62,63,862,221,0.79593721145
63,64,882,201,0.814404432133
64,65,890,193,0.821791320406
65,66,871,212,0.804247460757
66,67,853,230,0.787626962142
67,68,897,186,0.828254847645
68,69,906,177,0.836565096953
69,70,887,196,0.819021237304
70,71,907,176,0.837488457987
71,72,884,199,0.816251154201
72,73,865,218,0.798707294552
73,74,846,237,0.781163434903
74,75,891,192,0.82271468144
75,76,851,232,0.785780240074
76,77,902,181,0.832871652816
77,78,888,195,0.819944598338
78,79,887,196,0.819021237304
79,80,863,220,0.796860572484
80,81,905,178,0.835641735919
81,82,860,223,0.794090489381
82,83,844,239,0.779316712835
83,84,876,207,0.808864265928
84,85,907,176,0.837488457987
85,86,881,202,0.813481071099
86,87,886,197,0.81809787627
87,88,910,173,0.84025854109
88,89,902,181,0.832871652816
89,90,872,211,0.805170821791
90,91,879,204,0.81163434903
91,92,883,200,0.815327793167
92,93,878,205,0.810710987996
93,94,901,182,0.831948291782
94,95,875,208,0.807940904894
95,96,877,206,0.809787626962
96,97,878,205,0.810710987996
97,98,912,171,0.842105263158
98,99,881,202,0.813481071099
99,100,874,209,0.80701754386
100,101,880,203,0.812557710065
101,102,890,193,0.821791320406
102,103,845,238,0.780240073869
103,104,899,184,0.830101569714
104,105,882,201,0.814404432133
105,106,906,177,0.836565096953
106,107,895,188,0.826408125577
107,108,864,219,0.797783933518
108,109,907,176,0.837488457987
109,110,869,214,0.802400738689
110,111,899,184,0.830101569714
111,112,874,209,0.80701754386
112,113,891,192,0.82271468144
113,114,901,182,0.831948291782
114,115,871,212,0.804247460757
115,116,881,202,0.813481071099
116,117,896,187,0.827331486611
117,118,947,136,0.874422899354
118,119,687,396,0.634349030471
119,120,729,354,0.673130193906
120,121,758,325,0.699907663897
121,122,813,270,0.750692520776
122,123,841,242,0.776546629732
123,124,656,427,0.605724838412
124,125,833,250,0.769159741459
125,126,817,266,0.754385964912
126,127,679,404,0.626962142198
127,128,788,295,0.727608494922
128,129,811,272,0.748845798707
129,130,764,319,0.705447830102
130,131,758,325,0.699907663897
131,132,742,341,0.68513388735
132,133,823,260,0.759926131117
133,134,787,296,0.726685133887
134,135,766,317,0.70729455217
135,136,738,345,0.681440443213
136,137,691,392,0.638042474608
137,138,726,357,0.670360110803
138,139,762,321,0.703601108033
139,140,805,278,0.743305632502
140,141,820,263,0.757156048015
141,142,826,257,0.76269621422
142,143,757,326,0.698984302862
143,144,848,235,0.783010156971
144,145,833,250,0.769159741459
145,146,853,230,0.787626962142
146,147,840,243,0.775623268698
147,148,841,242,0.776546629732
148,149,785,298,0.724838411819
149,150,764,319,0.705447830102
150,151,820,263,0.757156048015
151,152,699,384,0.645429362881
152,153,795,288,0.734072022161
153,154,736,347,0.679593721145
154,155,858,225,0.792243767313
155,156,820,263,0.757156048015
156,157,874,209,0.80701754386
157,158,746,337,0.688827331487
158,159,759,324,0.700831024931
159,160,870,213,0.803324099723
160,161,843,240,0.778393351801
161,162,874,209,0.80701754386
162,163,839,244,0.774699907664
163,164,888,195,0.819944598338
164,165,874,209,0.80701754386
165,166,843,240,0.778393351801
166,167,833,250,0.769159741459
167,168,763,320,0.704524469067
168,169,798,285,0.736842105263
169,170,607,476,0.560480147738
170,171,666,417,0.614958448753
171,172,822,261,0.759002770083
172,173,838,245,0.77377654663
173,174,792,291,0.731301939058
174,175,802,281,0.7405355494
175,176,794,289,0.733148661127
176,177,762,321,0.703601108033
177,178,785,298,0.724838411819
178,179,790,293,0.72945521699
179,180,770,313,0.710987996307
180,181,864,219,0.797783933518
181,182,771,312,0.711911357341
182,183,862,221,0.79593721145
183,184,854,229,0.788550323176
184,185,882,201,0.814404432133
185,186,822,261,0.759002770083
186,187,879,204,0.81163434903
187,188,855,228,0.789473684211
188,189,821,262,0.758079409049
189,190,790,293,0.72945521699
190,191,800,283,0.738688827331
191,192,807,276,0.745152354571
192,193,803,280,0.741458910434
193,194,833,250,0.769159741459
194,195,794,289,0.733148661127
195,196,809,274,0.746999076639
196,197,839,244,0.774699907664
197,198,807,276,0.745152354571
198,199,825,258,0.761772853186
199,200,825,258,0.761772853186
200,201,874,209,0.80701754386
201,202,862,221,0.79593721145
202,203,802,281,0.7405355494
203,204,850,233,0.78485687904
204,205,872,211,0.805170821791
205,206,816,267,0.753462603878
206,207,877,206,0.809787626962
207,208,743,340,0.686057248384
208,209,798,285,0.736842105263
209,210,776,307,0.716528162512
210,211,809,274,0.746999076639
211,212,818,265,0.755309325946
212,213,777,306,0.717451523546
213,214,784,299,0.723915050785
214,215,815,268,0.752539242844
215,216,806,277,0.744228993536
216,217,737,346,0.680517082179
217,218,696,387,0.642659279778
218,219,639,444,0.590027700831
219,220,807,276,0.745152354571
220,221,775,308,0.715604801477
221,222,661,422,0.610341643583
222,223,694,389,0.64081255771
223,224,716,367,0.661126500462
224,225,790,293,0.72945521699
225,226,737,346,0.680517082179
226,227,707,376,0.652816251154
227,228,682,401,0.6297322253
228,229,868,215,0.801477377655
229,230,756,327,0.698060941828
230,231,789,294,0.728531855956
231,232,858,225,0.792243767313
232,233,793,290,0.732225300092
233,234,764,319,0.705447830102
234,235,791,292,0.730378578024
235,236,694,389,0.64081255771
236,237,618,465,0.570637119114
237,238,729,354,0.673130193906
238,239,761,322,0.702677746999
239,240,765,318,0.706371191136
240,241,708,375,0.653739612188
241,242,769,314,0.710064635272
242,243,751,332,0.693444136657
243,244,813,270,0.750692520776
244,245,690,393,0.637119113573
245,246,813,270,0.750692520776
246,247,721,362,0.665743305633
247,248,739,344,0.682363804247
248,249,761,322,0.702677746999
249,250,754,329,0.69621421976
250,251,785,298,0.724838411819
251,252,791,292,0.730378578024
252,253,831,252,0.767313019391
253,254,853,230,0.787626962142
254,255,755,328,0.697137580794
255,256,719,364,0.663896583564
256,257,808,275,0.746075715605
257,258,655,428,0.604801477378
258,259,754,329,0.69621421976
259,260,770,313,0.710987996307
260,261,793,290,0.732225300092
261,262,807,276,0.745152354571
262,263,839,244,0.774699907664
263,264,803,280,0.741458910434
264,265,751,332,0.693444136657
265,266,743,340,0.686057248384
266,267,778,305,0.71837488458
267,268,794,289,0.733148661127
268,269,786,297,0.725761772853
269,270,766,317,0.70729455217
270,271,691,392,0.638042474608
271,272,732,351,0.675900277008
272,273,762,321,0.703601108033
273,274,779,304,0.719298245614
274,275,798,285,0.736842105263
275,276,850,233,0.78485687904
276,277,799,284,0.737765466297
277,278,872,211,0.805170821791
278,279,857,226,0.791320406279
279,280,846,237,0.781163434903
280,281,855,228,0.789473684211
281,282,870,213,0.803324099723
282,283,862,221,0.79593721145
283,284,837,246,0.772853185596
284,285,834,249,0.770083102493
285,286,861,222,0.795013850416
286,287,871,212,0.804247460757
287,288,841,242,0.776546629732
288,289,856,227,0.790397045245
289,290,895,188,0.826408125577
290,291,845,238,0.780240073869
291,292,861,222,0.795013850416
292,293,848,235,0.783010156971
293,294,852,231,0.786703601108
294,295,885,198,0.817174515235
295,296,898,185,0.82917820868
296,297,902,181,0.832871652816
297,298,848,235,0.783010156971
298,299,872,211,0.805170821791
299,300,804,279,0.742382271468
300,301,844,239,0.779316712835
301,302,872,211,0.805170821791
302,303,856,227,0.790397045245
303,304,848,235,0.783010156971
304,305,853,230,0.787626962142
305,306,894,189,0.825484764543
306,307,878,205,0.810710987996
307,308,899,184,0.830101569714
308,309,866,217,0.799630655586
309,310,850,233,0.78485687904
310,311,888,195,0.819944598338
311,312,870,213,0.803324099723
312,313,861,222,0.795013850416
313,314,908,175,0.838411819021
314,315,882,201,0.814404432133
315,316,878,205,0.810710987996
316,317,830,253,0.766389658356
317,318,804,279,0.742382271468
318,319,892,191,0.823638042475
319,320,860,223,0.794090489381
320,321,854,229,0.788550323176
321,322,906,177,0.836565096953
322,323,856,227,0.790397045245
323,324,865,218,0.798707294552
324,325,867,216,0.80055401662
325,326,824,259,0.760849492151
326,327,838,245,0.77377654663
327,328,714,369,0.659279778393
328,329,884,199,0.816251154201
329,330,856,227,0.790397045245
330,331,876,207,0.808864265928
331,332,886,197,0.81809787627
332,333,848,235,0.783010156971
333,334,899,184,0.830101569714
334,335,871,212,0.804247460757
335,336,839,244,0.774699907664
336,337,888,195,0.819944598338
337,338,873,210,0.806094182825
338,339,890,193,0.821791320406
339,340,903,180,0.83379501385
340,341,866,217,0.799630655586
341,342,876,207,0.808864265928
342,343,898,185,0.82917820868
343,344,881,202,0.813481071099
344,345,854,229,0.788550323176
345,346,890,193,0.821791320406
346,347,851,232,0.785780240074
347,348,862,221,0.79593721145
348,349,865,218,0.798707294552
349,350,871,212,0.804247460757
350,351,921,162,0.850415512465
351,352,904,179,0.834718374885
352,353,853,230,0.787626962142
353,354,899,184,0.830101569714
354,355,850,233,0.78485687904
355,356,857,226,0.791320406279
356,357,896,187,0.827331486611
357,358,889,194,0.820867959372
358,359,891,192,0.82271468144
359,360,883,200,0.815327793167
360,361,831,252,0.767313019391
361,362,896,187,0.827331486611
362,363,896,187,0.827331486611
363,364,858,225,0.792243767313
364,365,830,253,0.766389658356
365,366,857,226,0.791320406279
366,367,898,185,0.82917820868
367,368,902,181,0.832871652816
368,369,882,201,0.814404432133
369,370,876,207,0.808864265928
370,371,887,196,0.819021237304
371,372,889,194,0.820867959372
372,373,892,191,0.823638042475
373,374,910,173,0.84025854109
374,375,922,161,0.8513388735
375,376,845,238,0.780240073869
376,377,890,193,0.821791320406
377,378,921,162,0.850415512465
378,379,934,149,0.86241920591
379,380,921,162,0.850415512465
380,381,929,154,0.857802400739
381,382,890,193,0.821791320406
382,383,878,205,0.810710987996
383,384,922,161,0.8513388735
384,385,914,169,0.843951985226
385,386,910,173,0.84025854109
386,387,894,189,0.825484764543
387,388,919,164,0.848568790397
388,389,934,149,0.86241920591
389,390,915,168,0.84487534626
390,391,916,167,0.845798707295
391,392,938,145,0.866112650046
392,393,881,202,0.813481071099
393,394,886,197,0.81809787627
394,395,895,188,0.826408125577
395,396,854,229,0.788550323176
396,397,914,169,0.843951985226
397,398,893,190,0.824561403509
398,399,892,191,0.823638042475
