iteration,oracle_average,neural_network_average,speedup_average,oracle_std,neural_network_std,speedup_std
0,0.9982476822,0.7793336431,1.6838252269,0.0000000000,0.1109571665,0.5242612362
1,0.9996003449,0.7918160327,6.0591684775,0.0000000000,0.3051410866,9.7193377262
2,0.9960822723,0.7654732050,1.5671239723,0.0000000000,0.1237878845,0.3807888167
3,0.9997943412,0.7125576815,3.0018407103,0.0000000000,0.2385603578,5.8596405402
4,0.9976527166,0.7159827920,1.5955730193,0.0000000000,0.1713595923,0.7107963263
5,0.9965303933,0.8177628712,1.7282044556,0.0000000000,0.1086300220,0.4497428788
6,0.9965913662,0.8310270594,1.7221589571,0.0000000000,0.1184811348,0.5358418524
7,0.9961127024,0.8229418328,1.7814130690,0.0000000000,0.1029942460,0.4796716762
8,0.9968451903,0.7251171797,1.4991709508,0.0000000000,0.1444634514,0.4034011446
9,0.9972188668,0.8439509194,1.7750445576,0.0000000000,0.0942165833,0.5083695316
10,0.9982140895,0.8268442734,1.8266462231,0.0000000000,0.1409432816,0.8484433001
11,0.9946860054,0.8373268443,1.7287307450,0.0000000000,0.1156717009,0.4606345231
12,0.9953748368,0.8133645482,1.7964121014,0.0000000000,0.1331150529,0.6479789574
13,0.9949364840,0.8337662752,1.6581818891,0.0000000000,0.0889165824,0.3626365616
14,0.9992788095,0.7136345802,3.4100833799,0.0000000000,0.3353359056,4.5591312821
15,0.9995832461,0.7356706081,2.4095809685,0.0000000000,0.2364595565,2.9395020613
16,0.9950613449,0.7705650150,1.6224718945,0.0000000000,0.0985431770,0.3591958115
17,0.9952714655,0.7790130675,1.6353125939,0.0000000000,0.1211366349,0.5226425769
18,0.9957982090,0.8081074366,1.7787075413,0.0000000000,0.1147729157,0.5881614258
19,0.9922905443,0.8574041600,1.8921249122,0.0000000000,0.0880868506,0.5701258935
20,0.9934028343,0.8347173270,1.7182223528,0.0000000000,0.0734264506,0.3948454332
21,0.9973758345,0.8003598686,1.6698596599,0.0000000000,0.1105249048,0.3942232103
22,0.9945705824,0.8632252401,1.8407684015,0.0000000000,0.0830028223,0.4950686825
23,0.9975907599,0.7369315853,1.5425581926,0.0000000000,0.1798195251,0.5065624259
24,0.9959557203,0.8497195129,1.6994221416,0.0000000000,0.1230465181,0.5254029250
25,0.9969787137,0.7812198330,1.6902515130,0.0000000000,0.1779283110,0.6672838606
26,0.9975492421,0.8353982407,1.8474575183,0.0000000000,0.1400433972,0.6109832039
27,0.9982385163,0.8191191607,1.8513346677,0.0000000000,0.1969015354,0.7624426016
28,0.9961947591,0.7923418577,1.7928184441,0.0000000000,0.1660014189,0.7889146058
29,0.9960608327,0.7854474371,1.6972196670,0.0000000000,0.1316703964,0.4096001417
30,0.9970951344,0.8136568018,1.7093888105,0.0000000000,0.1224937729,0.4960979011
31,0.9984191152,0.7841878756,1.6691762738,0.0000000000,0.1696522871,0.6392945686
32,0.9949331675,0.8368960228,1.7898826901,0.0000000000,0.1195111530,0.5767648238
33,0.9965901895,0.7903793561,1.7301333188,0.0000000000,0.1673682361,0.7085043341
34,0.9961481302,0.8134101196,1.8093255654,0.0000000000,0.1567330129,0.7667032843
35,0.9954173717,0.8535197529,1.7578772666,0.0000000000,0.0996873668,0.3991259296
36,0.9959211421,0.8327980653,1.7016217417,0.0000000000,0.0897830996,0.3568698586
37,0.9940390943,0.8718979492,1.9363301580,0.0000000000,0.0928095390,0.5435401598
38,0.9974376546,0.8340869868,1.7537234422,0.0000000000,0.0953362612,0.4055263925
39,0.9945132808,0.8545829738,1.6888790162,0.0000000000,0.0988651003,0.3564657549
40,0.9947168945,0.8839820262,1.7919314318,0.0000000000,0.0869753438,0.4617979766
41,0.9942003655,0.8496757076,1.8273889884,0.0000000000,0.1089648745,0.5968275632
42,0.9971981871,0.8702993340,1.8285835969,0.0000000000,0.0885364550,0.5339723043
43,0.9942517815,0.8842985043,1.9088715384,0.0000000000,0.0717734636,0.6083728768
44,0.9933741628,0.8600431122,1.7756077399,0.0000000000,0.0858986520,0.4544877046
45,0.9936012439,0.8571698007,1.7894300069,0.0000000000,0.0992934803,0.3692252660
46,0.9966623953,0.8293927963,1.7271774952,0.0000000000,0.0862555659,0.4081415735
47,0.9946508045,0.8554513357,1.7242653400,0.0000000000,0.0885254352,0.3887122071
48,0.9895103250,0.8391672771,1.8222715831,0.0000000000,0.0857637494,0.5191839940
49,0.9954926459,0.8929396951,1.8885356655,0.0000000000,0.0716931697,0.4753379141
50,0.9954414677,0.8757243578,1.8398856853,0.0000000000,0.1061956588,0.4869327209
51,0.9960539914,0.8816634495,1.8707955350,0.0000000000,0.0788568344,0.4824525270
52,0.9953524179,0.8138115876,1.7102491181,0.0000000000,0.0957517524,0.3594822516
53,0.9920394376,0.8766995648,1.8078408076,0.0000000000,0.0922308143,0.4067719867
54,0.9932711287,0.8621163064,1.7535619697,0.0000000000,0.0921510782,0.4661923326
55,0.9935476162,0.8992833748,1.9059702946,0.0000000000,0.0684154256,0.4836121651
56,0.9950942086,0.8708741116,1.9479560264,0.0000000000,0.0843963823,0.5359379893
57,0.9916120177,0.8626000734,1.7938063068,0.0000000000,0.0797318544,0.3783110359
58,0.9924832962,0.8770527913,1.8095172328,0.0000000000,0.0963887277,0.4212197227
59,0.9927310488,0.8748956531,1.8784203943,0.0000000000,0.1047179364,0.4818421707
60,0.9934904514,0.9012122343,1.7857422003,0.0000000000,0.0647956759,0.4004805488
61,0.9942345476,0.8583799040,1.7648486738,0.0000000000,0.0832250051,0.4041885741
62,0.9943825794,0.8860549621,1.8031489728,0.0000000000,0.0801414611,0.3987302572
63,0.9952401415,0.8710519309,1.7869934696,0.0000000000,0.0685929109,0.3794990787
64,0.9940919905,0.8916301383,1.9419374072,0.0000000000,0.0984259346,0.5673126825
65,0.9932493739,0.8832854802,1.8786062700,0.0000000000,0.1061216203,0.4616225174
66,0.9939798243,0.9007505999,1.7958906771,0.0000000000,0.0808687770,0.3315939310
67,0.9948246660,0.8474498339,1.7482197334,0.0000000000,0.0870735530,0.3963237215
68,0.9943932719,0.8941107840,1.9013870773,0.0000000000,0.0723698470,0.5092470870
69,0.9945572865,0.9170798832,1.9762288281,0.0000000000,0.0489696480,0.4136504335
70,0.9961546315,0.8890747856,1.8553146607,0.0000000000,0.0826498956,0.4464340424
71,0.9959559573,0.9039221500,1.8057006143,0.0000000000,0.0810036537,0.4116348606
72,0.9940039477,0.9126277246,1.9612595867,0.0000000000,0.0563285201,0.5368650055
73,0.9929022082,0.9219730958,1.8986366551,0.0000000000,0.0577000038,0.4344713468
74,0.9962654321,0.8675230634,1.8276073266,0.0000000000,0.0754822599,0.4207942295
75,0.9950892687,0.8805030289,1.7163444583,0.0000000000,0.0681455047,0.3094100614
76,0.9949873698,0.8745337391,1.8857170855,0.0000000000,0.0903179886,0.4743584594
77,0.9997687980,0.7744187444,4.8680621026,0.0000000000,0.2419991453,9.6710064624
78,0.9997694811,0.8414827919,6.0862171879,0.0000000000,0.2205709827,11.3509742048
79,0.9924086085,0.9008794125,1.8622710097,0.0000000000,0.0751892734,0.5109889408
80,0.9937759336,0.9286985106,1.9476395962,0.0000000000,0.0605621612,0.4617774733
81,0.9941774764,0.8966921198,1.8364567274,0.0000000000,0.0675027489,0.4805433131
82,0.9954736952,0.9079916636,1.9006032585,0.0000000000,0.0746708161,0.4084488911
83,0.9944194845,0.9140336608,1.8943601112,0.0000000000,0.0733888920,0.4966861950
84,0.9951867603,0.9312361723,1.8794910393,0.0000000000,0.0546424186,0.4011350738
85,0.9971848828,0.8801046234,1.8256387942,0.0000000000,0.0915291808,0.4048226494
86,0.9949350769,0.9126586647,2.0105448685,0.0000000000,0.0621507270,0.5194591879
87,0.9946472446,0.9215490108,1.9541898806,0.0000000000,0.0648453736,0.4784758248
88,0.9953824898,0.9145434990,1.9950693948,0.0000000000,0.0769209470,0.4587970418
89,0.9933117662,0.9014192525,1.9455143747,0.0000000000,0.0765535800,0.5609731701
90,0.9947661802,0.9163472585,1.9127759562,0.0000000000,0.0777275674,0.5130106366
91,0.9954795313,0.9201897842,1.9058130888,0.0000000000,0.0629173589,0.4405142565
92,0.9951758588,0.9254380490,2.0077338510,0.0000000000,0.0577937256,0.4893405767
93,0.9976036744,0.9337865090,1.9573872819,0.0000000000,0.0730208147,0.4345190864
94,0.9962652743,0.8994863507,1.8522303867,0.0000000000,0.0653605620,0.4007549189
95,0.9940174114,0.9082585113,1.8319117318,0.0000000000,0.0925882292,0.5061294396
96,0.9915460065,0.8929821230,1.7945372444,0.0000000000,0.0759924398,0.4638075592
97,0.9961981523,0.9235348159,1.9059867866,0.0000000000,0.0674946518,0.4567289696
98,0.9932169325,0.8890493169,1.9033280885,0.0000000000,0.0620071420,0.3799140949
99,0.9917335278,0.9212350013,1.9393621102,0.0000000000,0.0523535076,0.4657348768
100,0.9964059854,0.9156264822,1.9151556724,0.0000000000,0.0764800135,0.4861999919
101,0.9950456613,0.9152179946,2.0220892744,0.0000000000,0.0602836541,0.5395238788
102,0.9932137664,0.9134232783,1.9321927710,0.0000000000,0.0595279413,0.3839062360
103,0.9943814622,0.9283600804,1.9886155789,0.0000000000,0.0724840071,0.5847774824
104,0.9962874681,0.9461247087,2.5750702766,0.0000000000,0.0596209284,1.2010627888
105,0.9942819097,0.9044145844,1.8633202804,0.0000000000,0.0683600030,0.4875439888
106,0.9968826299,0.9502708444,2.3347417687,0.0000000000,0.0481675874,1.1389283735
107,0.9929895394,0.9077560355,1.8932160446,0.0000000000,0.0528904541,0.4570338974
108,0.9940251148,0.8887659397,1.8304914079,0.0000000000,0.0673508857,0.4249232076
109,0.9947796610,0.8342842243,1.7666378862,0.0000000000,0.0783399401,0.4245688037
110,0.9996890014,0.7409781530,5.1074820050,0.0000000000,0.2479782992,10.9409185710
111,0.9944204402,0.9280070795,1.8906719066,0.0000000000,0.0740663318,0.4556700175
112,0.9966554349,0.9126087690,1.9803624059,0.0000000000,0.0861816016,0.9559006077
113,0.9950815697,0.9198686389,1.9386076514,0.0000000000,0.0836449257,0.5224731417
114,0.9929667041,0.9202349091,1.9164475344,0.0000000000,0.0567247383,0.4051224430
115,0.9958365055,0.9030696654,2.0157244990,0.0000000000,0.1372421129,0.8477647345
116,0.9962607013,0.9385740707,1.9887944991,0.0000000000,0.0708937747,0.5036565465
117,0.9968318382,0.9210560904,1.9979798286,0.0000000000,0.0785872714,0.5627175275
118,0.9911628632,0.8971184765,2.0833912174,0.0000000000,0.0430537891,0.8852046207
119,0.9907596063,0.6930733628,1.4777872718,0.0000000000,0.0951906307,0.3420973710
120,0.9927251155,0.8188566460,1.6759431220,0.0000000000,0.0965244671,0.4535618908
121,0.9961380535,0.7978685392,1.7306718237,0.0000000000,0.1356410623,0.5248354973
122,0.9964505952,0.7943484524,1.6177002415,0.0000000000,0.0759482298,0.3880043967
123,0.9838275598,0.7712369604,1.5654456134,0.0000000000,0.1318694492,0.5625503605
124,0.9968716720,0.8554719043,1.9603715190,0.0000000000,0.1383284383,0.7611922152
125,0.9950611538,0.8338634189,1.8432096424,0.0000000000,0.1158340212,0.6766032351
126,0.9993055099,0.7265468694,3.3503299711,0.0000000000,0.2422195606,4.8932215564
127,0.9944898521,0.7810405837,1.7017456498,0.0000000000,0.0782974725,0.4209273087
128,0.9970261697,0.8243549076,2.1464937852,0.0000000000,0.2069455606,1.4311667656
129,0.9914679036,0.6037133360,1.3077826366,0.0000000000,0.1221752532,0.3871713690
130,0.9942198398,0.7134965267,1.5394102614,0.0000000000,0.1173759242,0.4335161874
131,0.9945405777,0.8652399133,2.1785747734,0.0000000000,0.1183621644,1.1054488242
132,0.9956686169,0.7383843167,1.5856163812,0.0000000000,0.1007079714,0.5126506834
133,0.9995910906,0.6993263868,3.0712514730,0.0000000000,0.2417495917,5.8649273598
134,0.9932368804,0.7590175712,1.5643033133,0.0000000000,0.1056091433,0.4951829610
135,0.9938692098,0.7901529132,1.6321761531,0.0000000000,0.0961411731,0.4574435703
136,0.9887030777,0.7831635097,1.6428028202,0.0000000000,0.0848317825,0.3645014155
137,0.9961407389,0.8180267001,1.7741757453,0.0000000000,0.1348132444,0.8427338296
138,0.9945865838,0.7264893680,1.5129552974,0.0000000000,0.1342741406,0.4638019947
139,0.9949758644,0.8041298012,1.6187021508,0.0000000000,0.0799074845,0.3400855409
140,0.9947054931,0.8360201017,1.7590069972,0.0000000000,0.0648112128,0.3630113711
141,0.9952976639,0.8316599452,1.7087350352,0.0000000000,0.0768347229,0.3749537316
142,0.9935069009,0.7375291271,1.6670116652,0.0000000000,0.1108993231,0.5807118185
143,0.9976366322,0.6630921811,1.4715376983,0.0000000000,0.1305904209,0.4670863418
144,0.9991877673,0.9638473946,8.3851773731,0.0000000000,0.1283027532,7.4004386611
145,0.9997384838,0.8249721704,2.8544317871,0.0000000000,0.2216152763,3.9450675415
146,0.9963418756,0.6524135123,1.4973770944,0.0000000000,0.1835178083,0.7030843177
147,0.9976570101,0.8274500751,1.7008650062,0.0000000000,0.0942669295,0.4892512784
148,0.9961926212,0.8545965510,1.8086597119,0.0000000000,0.0601647347,0.4979318447
149,0.9961327277,0.9002840316,1.9175191557,0.0000000000,0.0621610550,0.5736112545
150,0.9971314284,0.9399638434,2.2190198119,0.0000000000,0.0620407421,0.9118951372
151,0.9859492639,0.8003043808,1.6364097183,0.0000000000,0.0714979913,0.3600284424
152,0.9955556659,0.8080298141,1.7074506903,0.0000000000,0.0938993317,0.4081198339
153,0.9972247129,0.8485711377,1.8291876382,0.0000000000,0.1790327385,0.8243324938
154,0.9922213579,0.8413178387,1.8204142488,0.0000000000,0.1306353682,0.6729056968
155,0.9889089871,0.8296938686,1.7571844902,0.0000000000,0.0845563845,0.4025539647
156,0.9899519829,0.9115263775,1.9022885445,0.0000000000,0.0538521436,0.7528307341
157,0.9995772071,0.7410546149,5.3211364019,0.0000000000,0.3311932679,9.0627431135
158,0.9961772042,0.6815844388,1.4044702385,0.0000000000,0.1132374798,0.4003482551
159,0.9947962119,0.6917628414,1.5946024082,0.0000000000,0.1774562166,0.6278414583
160,0.9938465203,0.8396727335,1.7823895879,0.0000000000,0.0749504331,0.5070657834
161,0.9996976322,0.8161773433,8.8760434211,0.0000000000,0.2798955331,12.1390977262
162,0.9926503431,0.8563713462,1.8268648791,0.0000000000,0.0617010366,0.3888199323
163,0.9935867579,0.8675857839,1.8044147634,0.0000000000,0.0699371128,0.4256791279
164,0.9985822105,0.4779005001,1.7264711191,0.0000000000,0.3536045569,1.7219193800
165,0.9977348293,0.7918028508,1.7044112053,0.0000000000,0.2049104759,0.8608630789
166,0.9973754006,0.6571835999,1.4334167464,0.0000000000,0.1629897907,0.4948163939
167,0.9955802285,0.7845489836,1.8261014988,0.0000000000,0.1576583498,0.8824691067
168,0.9934219139,0.7106890034,1.5173931257,0.0000000000,0.0929187563,0.3802283884
169,0.9902794654,0.4810771701,1.2432181528,0.0000000000,0.2370999097,0.7890816970
170,0.9732293933,0.7569408474,1.5453774821,0.0000000000,0.0646903013,0.3053863714
171,0.9985540858,0.9209273233,5.4115825086,0.0000000000,0.1408712229,5.2354341552
172,0.9926226101,0.7874121930,1.6827919395,0.0000000000,0.1028212377,0.4535216681
173,0.9951878493,0.8732896718,2.0082643063,0.0000000000,0.0630690417,0.6391968202
174,0.9969522916,0.8077119516,1.7111751025,0.0000000000,0.1269374979,0.5806912293
175,0.9963204688,0.9459670063,2.3095184919,0.0000000000,0.0537639832,1.1917051197
176,0.9997283312,0.8384387217,4.1663169867,0.0000000000,0.1802926687,7.3956487029
177,0.9969514620,0.8344383131,2.3257185550,0.0000000000,0.1887897220,1.5711099874
178,0.9962986368,0.8584735357,1.7838979181,0.0000000000,0.0841208975,0.4403329890
179,0.9960223381,0.8937424990,2.5015714481,0.0000000000,0.0874096129,1.4177737687
180,0.9990428005,0.9722609636,5.4584146210,0.0000000000,0.0752441087,6.2191449446
181,0.9996456678,0.7924836867,3.5858174156,0.0000000000,0.2468113274,6.9357697177
182,0.9966041108,0.9162671407,1.9024329692,0.0000000000,0.0595916076,0.3994383742
183,0.9965958606,0.6362371017,1.3717593546,0.0000000000,0.1850831970,0.4728272203
184,0.9958304378,0.8048154824,1.6094220315,0.0000000000,0.0910242067,0.3278189977
185,0.9940084326,0.8355424071,1.7395630353,0.0000000000,0.0920135174,0.4796680407
186,0.9912223159,0.8052037926,1.7147861087,0.0000000000,0.1109821020,0.5055709447
187,0.9962644638,0.8196736904,1.7321860230,0.0000000000,0.0904634623,0.4577662748
188,0.9950783266,0.7504638390,1.5838859722,0.0000000000,0.0940661788,0.2800260966
189,0.9969829486,0.5949296475,1.4003594527,0.0000000000,0.1816357181,0.7288277277
190,0.9975913452,0.6598204612,1.4608328414,0.0000000000,0.1845400669,0.5450231427
191,0.9995856663,0.6796438059,4.0023786870,0.0000000000,0.3198360693,5.2568858840
192,0.9951764478,0.8275541995,1.6806432358,0.0000000000,0.0697277798,0.2800206815
193,0.9980214450,0.9324689224,2.1470342790,0.0000000000,0.0712869833,0.9003240882
194,0.9928718814,0.7953397194,1.6408864814,0.0000000000,0.0883552913,0.4186263179
195,0.9937653815,0.8333460141,1.7484050580,0.0000000000,0.0828007119,0.3919075397
196,0.9965287420,0.8655639001,1.8929938353,0.0000000000,0.0855107494,0.6219341246
197,0.9956411188,0.7749775470,1.7114750503,0.0000000000,0.1243535482,0.6806144784
198,0.9974840130,0.4914441137,1.7590883464,0.0000000000,0.2869616955,1.8460198687
199,0.9995352363,0.9833492197,13.0374624714,0.0000000000,0.0067891622,11.7643639102
200,0.9940370669,0.8167931451,1.7547532149,0.0000000000,0.0967674617,0.4865145506
201,0.9976698242,0.8915212997,2.1531559767,0.0000000000,0.1004704837,0.9639531050
202,0.9958985831,0.8145486132,1.6719834234,0.0000000000,0.0777495877,0.3903854263
203,0.9943721634,0.8209040581,1.6978512794,0.0000000000,0.0825416096,0.3091845829
204,0.9993628979,0.9560112008,3.0388262559,0.0000000000,0.0400728723,2.2877538219
205,0.9966292135,0.6381520213,1.4527541267,0.0000000000,0.1950739100,0.6472380615
206,0.9984785717,0.6908438740,1.6343890357,0.0000000000,0.1573520656,0.6849448552
207,0.9971528258,0.6075717509,1.4572288049,0.0000000000,0.1985330887,0.8609790435
208,0.9938858971,0.8372263037,1.8330114578,0.0000000000,0.0848767766,0.4981904964
209,0.9876518542,0.7726297041,1.6431120588,0.0000000000,0.0886508892,0.4728936972
210,0.9958076660,0.7840872765,1.6179069485,0.0000000000,0.1230969381,0.4266371686
211,0.9956875267,0.8322635655,1.7606244295,0.0000000000,0.0909691766,0.4464543329
212,0.9972648281,0.7755935187,1.5925780343,0.0000000000,0.1286973550,0.4965599947
213,0.9990498893,0.7393180698,1.5589366454,0.0000000000,0.1964562379,0.6908571909
214,0.9966560474,0.8268300307,1.6638066269,0.0000000000,0.0931800377,0.3724413425
215,0.9997553370,0.7738304133,5.7168298348,0.0000000000,0.2597766524,7.7038221072
216,0.9995026002,0.6902363369,2.8820230005,0.0000000000,0.2655649814,5.1876579697
217,0.9992597675,0.5618843630,5.1930642894,0.0000000000,0.3166152282,8.6448580041
218,0.9951185495,0.4783885849,1.0966003898,0.0000000000,0.1407192566,0.6092126334
219,0.9912437755,0.8333037186,1.8253651284,0.0000000000,0.1884415545,0.8501726642
220,0.9967096469,0.5861287211,1.2432304365,0.0000000000,0.1643142398,0.4110393444
221,0.9981436812,0.5493508073,1.1708487046,0.0000000000,0.2050463643,0.5365565450
222,0.9974727615,0.7361487647,1.6551945082,0.0000000000,0.1818946565,0.7286929011
223,0.9987739917,0.8549449156,7.9255390906,0.0000000000,0.2958810041,7.2593926052
224,0.9932229384,0.8697914591,1.9157289781,0.0000000000,0.1003525013,0.6313499012
225,0.9980562501,0.4949285808,1.2859050628,0.0000000000,0.2360277434,0.9736962496
226,0.9892104638,0.7279514161,1.5694393229,0.0000000000,0.0888206206,0.3751530281
227,0.9995506244,0.9399027409,3.9996579787,0.0000000000,0.1291756931,9.2437637401
228,0.9957303991,0.8568884225,2.1524376733,0.0000000000,0.1593626193,1.2281781378
229,0.9935233586,0.8168606552,1.7126679782,0.0000000000,0.0863884891,0.4750097011
230,0.9927689256,0.8055499885,1.6459464110,0.0000000000,0.0853586227,0.4343584064
231,0.9911875471,0.8598734181,2.0597175187,0.0000000000,0.0839737728,1.2232881885
232,0.9985996096,0.9187920788,5.7277601857,0.0000000000,0.1708921610,5.8677309427
233,0.9920776449,0.7231885255,1.5579397720,0.0000000000,0.1162127423,0.4161221332
234,0.9993393019,0.8228308876,4.1443498518,0.0000000000,0.2895856487,6.3811115031
235,0.9884285033,0.7697796080,1.6648115073,0.0000000000,0.1102908722,0.5358225979
236,0.9985131550,0.7922997522,1.9977774800,0.0000000000,0.2099024118,1.8017265092
237,0.9991332630,0.7675583151,2.5988429918,0.0000000000,0.1915915763,3.4134750327
238,0.9996274260,0.9686311191,12.1744135972,0.0000000000,0.0120531933,17.4328320522
239,0.9908053023,0.8252295938,1.8771700086,0.0000000000,0.0852011881,0.7213186188
240,0.9990976785,0.6993124769,4.4250561944,0.0000000000,0.3287708944,8.0028377868
241,0.9856719920,0.7732922591,1.8125075943,0.0000000000,0.0823375872,0.7760059999
242,0.9892244898,0.7832428796,1.7092393957,0.0000000000,0.0837895145,0.4986854818
243,0.9929274749,0.7796240816,1.6759330288,0.0000000000,0.0987658586,0.5700658725
244,0.9937222734,0.6785457504,1.5026517784,0.0000000000,0.2171191165,0.7548573907
245,0.9995485248,0.7547954824,1.6914342414,0.0000000000,0.2023847679,0.8009131644
246,0.9982253961,0.7969542271,1.6580938741,0.0000000000,0.1539652767,0.5220252493
247,0.9997631105,0.7784148205,18.3579374915,0.0000000000,0.1761376722,42.0573872867
248,0.9907672372,0.7774857290,1.6104514142,0.0000000000,0.0970451820,0.4238432082
249,0.9873034102,0.7320019758,1.5663107022,0.0000000000,0.1097485835,0.5195902040
250,0.9921507064,0.8199964686,1.7609836476,0.0000000000,0.0867235755,0.4554245465
251,0.9929647714,0.8410819505,1.7218290678,0.0000000000,0.0977249281,0.4117175755
252,0.9871199004,0.8781147465,2.1168541216,0.0000000000,0.1230844026,0.9223190291
253,0.9872237247,0.8987145156,1.9270085601,0.0000000000,0.0606549139,0.5778935133
254,0.9943555349,0.7759753030,1.6538178404,0.0000000000,0.0997158154,0.5461956496
255,0.9915747034,0.7761565186,1.6804738350,0.0000000000,0.1256152774,0.4696527685
256,0.9834534604,0.8720644232,1.8826864524,0.0000000000,0.1198687842,0.9942088303
257,0.9720049870,0.7467408484,1.5298519884,0.0000000000,0.0854691082,0.3627347318
258,0.9919167826,0.8691045918,1.8806665500,0.0000000000,0.0937314492,0.5937283554
259,0.9995885822,0.6682477691,2.7868809092,0.0000000000,0.1851757896,3.8019608151
260,0.9996523724,0.8174502731,4.5886743866,0.0000000000,0.2328883944,8.5381460990
261,0.9924368953,0.8697082075,1.8342402717,0.0000000000,0.0863527116,0.5891578507
262,0.9905160597,0.8427671317,1.8367085792,0.0000000000,0.1004724253,0.6757779060
263,0.9962985696,0.7603554305,1.8044091190,0.0000000000,0.1405026866,0.7978451277
264,0.9943072415,0.8345171781,1.8337374626,0.0000000000,0.1029323047,0.5918236434
265,0.9994577368,0.7437140228,4.3575105398,0.0000000000,0.2547286148,8.1493968902
266,0.9968987074,0.8343655173,1.8613249502,0.0000000000,0.1726009982,0.8551022585
267,0.9985441692,0.9195375557,4.9895766017,0.0000000000,0.1824050452,4.0092694175
268,0.9956341240,0.8234799484,2.1094807930,0.0000000000,0.1798845772,1.0567521941
269,0.9901826427,0.7930688154,1.6482913200,0.0000000000,0.0827613891,0.3455157440
270,0.9994351843,0.6627030055,9.6338941931,0.0000000000,0.4407759125,16.0697170823
271,0.9979405941,0.4222228025,1.0297523391,0.0000000000,0.1938143748,0.6390709698
272,0.9934075564,0.8470813976,1.8617812059,0.0000000000,0.0864170623,0.8144819578
273,0.9940766953,0.7748924409,1.6724315963,0.0000000000,0.1001342537,0.4934215958
274,0.9924463989,0.7854147452,1.6778306026,0.0000000000,0.0857151150,0.4397049204
275,0.9928204691,0.9403541983,2.0451301717,0.0000000000,0.0484977736,0.5766419391
276,0.9977214377,0.8611755703,2.7397604590,0.0000000000,0.1286375343,2.2181252133
277,0.9950925204,0.8588555580,1.8665530438,0.0000000000,0.0835255794,0.6872180524
278,0.9926400687,0.8966000420,2.0798244993,0.0000000000,0.0619219838,0.9836008104
279,0.9935914642,0.8799622737,1.9275993231,0.0000000000,0.0684684770,0.6292087014
280,0.9919131055,0.8566392776,1.8620727517,0.0000000000,0.0843432411,0.6654844664
281,0.9955391478,0.8953841421,1.9119845506,0.0000000000,0.0914621843,0.5471884359
282,0.9950978585,0.8462858876,1.7272945344,0.0000000000,0.0974740330,0.4180833246
283,0.9948447428,0.8974439120,1.9222187033,0.0000000000,0.0731961514,0.6477529035
284,0.9990495882,0.8244531116,3.8977619096,0.0000000000,0.1607151475,4.8999848275
285,0.9954353821,0.8877255182,1.8720375214,0.0000000000,0.0725468849,0.5568007925
286,0.9940208751,0.8835238516,1.8576449747,0.0000000000,0.0723901691,0.4155451973
287,0.9927645463,0.8570022940,1.8234367287,0.0000000000,0.1019557823,0.5586989060
288,0.9948640937,0.8210634537,1.7229203488,0.0000000000,0.0838771653,0.4830374540
289,0.9928524793,0.8410598027,1.7532733326,0.0000000000,0.1022495754,0.4817634878
290,0.9944308181,0.8247557954,1.7678612866,0.0000000000,0.1076196840,0.5056687802
291,0.9916248584,0.8603493933,1.8910525658,0.0000000000,0.0796758403,0.6289901322
292,0.9926427425,0.8433606858,1.9330557201,0.0000000000,0.1173079016,0.8154402352
293,0.9944732078,0.8592961211,1.8250232751,0.0000000000,0.0601190319,0.4260423934
294,0.9949323101,0.8239256219,1.8154412822,0.0000000000,0.1023339483,0.6781251909
295,0.9947168741,0.9037052017,2.0300614338,0.0000000000,0.0802442615,0.7114589316
296,0.9954491425,0.8896534608,1.9826488103,0.0000000000,0.0691314771,0.6127870404
297,0.9943659827,0.8708706498,1.8227751776,0.0000000000,0.1105126592,0.6248891484
298,0.9996424325,0.7658839346,3.9905405472,0.0000000000,0.2235770311,6.5349617797
299,0.9940710721,0.8294260057,1.8298061034,0.0000000000,0.1143698439,0.6372012710
300,0.9948547938,0.8641171850,1.8897202424,0.0000000000,0.1100408582,0.6961109375
301,0.9950342598,0.8999654399,2.2851728470,0.0000000000,0.0781576854,1.3249211091
302,0.9952961864,0.8608433000,1.9493187572,0.0000000000,0.1400448326,0.7538409807
303,0.9954538329,0.8363968014,1.9302610182,0.0000000000,0.1411866819,0.8303854319
304,0.9954636280,0.8786538298,1.9824043849,0.0000000000,0.0881183599,0.7141641320
305,0.9974166437,0.8798563313,1.9957935962,0.0000000000,0.0993614434,0.7410823292
306,0.9955031876,0.9061630537,1.9626506037,0.0000000000,0.0820036474,0.6735969793
307,0.9949389699,0.8971119086,2.1117496852,0.0000000000,0.0844376587,0.8696510987
308,0.9945944492,0.8666651496,2.1729734304,0.0000000000,0.0892902983,0.8959066618
309,0.9965755065,0.8618699898,1.9104719990,0.0000000000,0.1274536733,0.7140395640
310,0.9952261677,0.8996834608,1.9739817273,0.0000000000,0.0847781869,0.7041420876
311,0.9948801801,0.8952238187,1.8945456683,0.0000000000,0.0909555163,0.7358555910
312,0.9964992001,0.8649253281,1.8645850714,0.0000000000,0.1271900319,0.6735917804
313,0.9952916327,0.8851092143,2.1079325877,0.0000000000,0.1361193887,1.1148057844
314,0.9968941162,0.9113869356,2.2134118190,0.0000000000,0.0913979185,0.9654312978
315,0.9944279346,0.9178810912,1.9717999417,0.0000000000,0.0539899467,0.6350488298
316,0.9936464388,0.8483202296,1.7138614398,0.0000000000,0.1068008233,0.4522362622
317,0.9933589950,0.8936379386,1.9950599834,0.0000000000,0.0676022554,0.6497871897
318,0.9958553021,0.8821554288,1.8414963403,0.0000000000,0.0889570550,0.4306210185
319,0.9934212746,0.8260536063,1.7091763870,0.0000000000,0.0955427517,0.3807755999
320,0.9952082681,0.9084976408,1.9907718201,0.0000000000,0.0609857026,0.7102358789
321,0.9965880384,0.7918775559,1.7673263045,0.0000000000,0.1339300770,0.8418768075
322,0.9961606309,0.8697294197,2.0391874236,0.0000000000,0.0997195446,0.8359329770
323,0.9958386863,0.8704735470,1.8363491830,0.0000000000,0.1005906453,0.5726557636
324,0.9955744252,0.8564924443,1.8105121544,0.0000000000,0.1096738597,0.5401506503
325,0.9942490353,0.8859604702,1.8475622900,0.0000000000,0.0611377075,0.4419163873
326,0.9942336442,0.8414592455,1.7462101751,0.0000000000,0.1032288859,0.5071274001
327,0.9998913988,0.7892475248,6.9598508409,0.0000000000,0.1911476093,14.1942970820
328,0.9934568862,0.9115255191,1.9352200877,0.0000000000,0.0592519209,0.5803846798
329,0.9975049743,0.9231012174,2.4587360050,0.0000000000,0.0676013838,1.5583633057
330,0.9944444444,0.8785865913,1.8611675427,0.0000000000,0.0693703985,0.4336816352
331,0.9969457815,0.9137781367,2.0495207923,0.0000000000,0.0742161020,0.7088405840
332,0.9944966246,0.8732199705,1.9735786160,0.0000000000,0.0935533040,0.6755579040
333,0.9939642948,0.9038070972,1.8963807011,0.0000000000,0.0670464540,0.3819095934
334,0.9943009611,0.9366905664,2.0554136103,0.0000000000,0.0759670352,0.6313623410
335,0.9926632428,0.8851055293,1.9446409370,0.0000000000,0.0713509727,0.5848666692
336,0.9948946837,0.8802046292,1.8813268600,0.0000000000,0.0903983698,0.5666409190
337,0.9934697725,0.8854398934,1.8104378997,0.0000000000,0.0742357048,0.4940934355
338,0.9956076135,0.8887097529,1.9463822514,0.0000000000,0.0978637048,0.6706079290
339,0.9964633068,0.8331198808,1.8078238945,0.0000000000,0.1207509915,0.5961523182
340,0.9938916138,0.7798960586,1.6040982220,0.0000000000,0.1522915001,0.5657656661
341,0.9996405416,0.8265707432,4.7793532997,0.0000000000,0.1921422144,8.6046150052
342,0.9938751069,0.9106620668,1.9732920380,0.0000000000,0.0701799210,0.5579042496
343,0.9943863861,0.9020087031,2.1089645107,0.0000000000,0.0777145121,0.9875298087
344,0.9925586290,0.8625745872,1.7575064863,0.0000000000,0.1033733147,0.5266290973
345,0.9954754187,0.9164369868,1.8675573584,0.0000000000,0.0566652556,0.5093935600
346,0.9932054742,0.8916953324,1.9861192058,0.0000000000,0.0724055432,0.6826662057
347,0.9947706128,0.8452802251,1.9001409245,0.0000000000,0.1230655313,0.8321257112
348,0.9957738903,0.8742693671,1.8415964881,0.0000000000,0.0918041672,0.5042884444
349,0.9939237973,0.9052740811,1.8798149901,0.0000000000,0.0839169059,0.7054457952
350,0.9945004583,0.8667912614,1.9981370482,0.0000000000,0.0980215247,0.8001703737
351,0.9965981075,0.8773565529,1.8936129151,0.0000000000,0.0920434323,0.5483232907
352,0.9940937084,0.8256808917,1.6884922104,0.0000000000,0.0721194269,0.5389405837
353,0.9961589637,0.8860887061,1.8382161866,0.0000000000,0.0974685941,0.5421810209
354,0.9941920055,0.8833737344,2.0372871058,0.0000000000,0.0755827463,0.9717087767
355,0.9909005951,0.8947468841,1.9210905235,0.0000000000,0.0754272687,0.7046785521
356,0.9961750350,0.9230831966,2.0984427630,0.0000000000,0.0773945744,0.8724495013
357,0.9951917540,0.8419397889,1.9268659324,0.0000000000,0.1003775400,0.8408945784
358,0.9929058448,0.8674155230,1.9096273608,0.0000000000,0.1019765311,0.7078070561
359,0.9929209570,0.8666742101,1.9325828461,0.0000000000,0.0751208096,0.7651332702
360,0.9928225170,0.9121077337,2.0067829616,0.0000000000,0.0585991605,0.6028691547
361,0.9949194253,0.8662698340,1.9756177111,0.0000000000,0.0748271374,0.5557919513
362,0.9965060195,0.8411102778,1.8552711588,0.0000000000,0.1080949272,0.5840784090
363,0.9948476419,0.8593645576,1.9197244562,0.0000000000,0.0882180468,0.6139557977
364,0.9941085762,0.9183903756,1.9626163134,0.0000000000,0.0584073878,0.7067160508
365,0.9927960378,0.9079259327,1.9354556534,0.0000000000,0.0705227319,0.6431520529
366,0.9951234914,0.8725576977,1.8883649436,0.0000000000,0.0989448691,0.5103935558
367,0.9959825204,0.9219461114,1.8988406090,0.0000000000,0.0579506570,0.5796818239
368,0.9938940558,0.9074781264,2.1177784885,0.0000000000,0.0634944882,0.7668038655
369,0.9914808773,0.9169739088,1.9000778098,0.0000000000,0.0694808546,0.6066759116
370,0.9951321280,0.8958936404,1.9569063577,0.0000000000,0.0927884708,0.6079181867
371,0.9937459971,0.9215070052,2.0498211926,0.0000000000,0.0604680184,0.6064033379
372,0.9945098606,0.9292787325,1.9273016900,0.0000000000,0.0559754536,0.5001989473
373,0.9960240705,0.8856828750,1.8056172102,0.0000000000,0.1000486859,0.5222651552
374,0.9931600547,0.9094244138,2.0404407515,0.0000000000,0.0708640284,0.7994309816
375,0.9939549520,0.9409017614,2.0609549914,0.0000000000,0.0519973260,0.8841923135
376,0.9956213258,0.8891600190,1.8943322999,0.0000000000,0.1006334930,0.6067379809
377,0.9974112127,0.9271396834,2.0005572299,0.0000000000,0.0831794485,0.7061751182
378,0.9942840694,0.9372711752,2.1336733838,0.0000000000,0.0583885568,0.8289174383
379,0.9950999763,0.9313718764,2.1282700445,0.0000000000,0.0603633119,0.8197182420
380,0.9968786709,0.9371544381,1.9788000303,0.0000000000,0.0690016509,0.5697621394
381,0.9932771868,0.8786455492,1.9225637430,0.0000000000,0.0959904628,0.5515771911
382,0.9944207899,0.9233576583,1.9972497099,0.0000000000,0.0688783152,0.7318373278
383,0.9955204527,0.9312941764,2.2046158972,0.0000000000,0.0615483728,0.9498303369
384,0.9963897652,0.9073864796,1.9654625925,0.0000000000,0.0933056305,0.7288730296
385,0.9953826078,0.9220231370,1.9560759910,0.0000000000,0.0567111030,0.5535063221
386,0.9949733631,0.8768556585,1.9271643011,0.0000000000,0.1199701798,0.7881249266
387,0.9929276316,0.9260333827,2.0226388824,0.0000000000,0.0568647234,0.6649068060
388,0.9962241208,0.9093286158,1.9769107102,0.0000000000,0.0773376435,0.5219342568
389,0.9961301370,0.9077822520,1.9170429285,0.0000000000,0.0817710575,0.5672748720
390,0.9960785792,0.9124782310,1.9223592255,0.0000000000,0.0947778360,0.6039045332
391,0.9984210526,0.8700327742,1.8916060450,0.0000000000,0.1018495571,0.5624059037
392,0.9953219332,0.9033497084,1.8998620019,0.0000000000,0.0890592198,0.4654062713
393,0.9951903397,0.9057942331,1.8505056006,0.0000000000,0.0888071192,0.5837315265
394,0.9952734088,0.9034272711,1.8440274816,0.0000000000,0.0643331035,0.4465071828
395,0.9953854774,0.9177684111,2.0283808062,0.0000000000,0.0790323653,0.7625777056
396,0.9946609111,0.9214395359,1.9056360713,0.0000000000,0.0740629144,0.5960195117
397,0.9944753577,0.9115506910,1.9400395558,0.0000000000,0.0583270842,0.6018049310
398,0.9971235648,0.8367308288,1.7388287629,0.0000000000,0.1475490019,0.5784071538
