0,1,782,301,0.722068328717
1,2,766,317,0.70729455217
2,3,795,288,0.734072022161
3,4,796,287,0.734995383195
4,5,785,298,0.724838411819
5,6,803,280,0.741458910434
6,7,831,252,0.767313019391
7,8,840,243,0.775623268698
8,9,768,315,0.709141274238
9,10,836,247,0.771929824561
10,11,845,238,0.780240073869
11,12,845,238,0.780240073869
12,13,818,265,0.755309325946
13,14,804,279,0.742382271468
14,15,828,255,0.764542936288
15,16,832,251,0.768236380425
16,17,798,285,0.736842105263
17,18,817,266,0.754385964912
18,19,829,254,0.765466297322
19,20,898,185,0.82917820868
20,21,848,235,0.783010156971
21,22,892,191,0.823638042475
22,23,835,248,0.771006463527
23,24,882,201,0.814404432133
24,25,823,260,0.759926131117
25,26,846,237,0.781163434903
26,27,890,193,0.821791320406
27,28,810,273,0.747922437673
28,29,859,224,0.793167128347
29,30,846,237,0.781163434903
30,31,860,223,0.794090489381
31,32,909,174,0.839335180055
32,33,846,237,0.781163434903
33,34,842,241,0.777469990766
34,35,848,235,0.783010156971
35,36,855,228,0.789473684211
36,37,890,193,0.821791320406
37,38,877,206,0.809787626962
38,39,879,204,0.81163434903
39,40,861,222,0.795013850416
40,41,881,202,0.813481071099
41,42,817,266,0.754385964912
42,43,847,236,0.782086795937
43,44,867,216,0.80055401662
44,45,832,251,0.768236380425
45,46,865,218,0.798707294552
46,47,870,213,0.803324099723
47,48,882,201,0.814404432133
48,49,820,263,0.757156048015
49,50,841,242,0.776546629732
50,51,852,231,0.786703601108
51,52,893,190,0.824561403509
52,53,864,219,0.797783933518
53,54,843,240,0.778393351801
54,55,859,224,0.793167128347
55,56,848,235,0.783010156971
56,57,849,234,0.783933518006
57,58,874,209,0.80701754386
58,59,871,212,0.804247460757
59,60,841,242,0.776546629732
60,61,868,215,0.801477377655
61,62,864,219,0.797783933518
62,63,819,264,0.756232686981
63,64,875,208,0.807940904894
64,65,871,212,0.804247460757
65,66,853,230,0.787626962142
66,67,860,223,0.794090489381
67,68,866,217,0.799630655586
68,69,899,184,0.830101569714
69,70,846,237,0.781163434903
70,71,887,196,0.819021237304
71,72,866,217,0.799630655586
72,73,841,242,0.776546629732
73,74,837,246,0.772853185596
74,75,877,206,0.809787626962
75,76,861,222,0.795013850416
76,77,885,198,0.817174515235
77,78,850,233,0.78485687904
78,79,880,203,0.812557710065
79,80,748,335,0.690674053555
80,81,854,229,0.788550323176
81,82,852,231,0.786703601108
82,83,864,219,0.797783933518
83,84,867,216,0.80055401662
84,85,861,222,0.795013850416
85,86,864,219,0.797783933518
86,87,861,222,0.795013850416
87,88,845,238,0.780240073869
88,89,875,208,0.807940904894
89,90,832,251,0.768236380425
90,91,871,212,0.804247460757
91,92,873,210,0.806094182825
92,93,862,221,0.79593721145
93,94,902,181,0.832871652816
94,95,884,199,0.816251154201
95,96,883,200,0.815327793167
96,97,872,211,0.805170821791
97,98,898,185,0.82917820868
98,99,866,217,0.799630655586
99,100,886,197,0.81809787627
100,101,889,194,0.820867959372
101,102,900,183,0.831024930748
102,103,851,232,0.785780240074
103,104,885,198,0.817174515235
104,105,878,205,0.810710987996
105,106,907,176,0.837488457987
106,107,908,175,0.838411819021
107,108,834,249,0.770083102493
108,109,879,204,0.81163434903
109,110,865,218,0.798707294552
110,111,836,247,0.771929824561
111,112,825,258,0.761772853186
112,113,883,200,0.815327793167
113,114,882,201,0.814404432133
114,115,832,251,0.768236380425
115,116,883,200,0.815327793167
116,117,882,201,0.814404432133
117,118,919,164,0.848568790397
118,119,712,371,0.657433056325
119,120,686,397,0.633425669437
120,121,745,338,0.687903970452
121,122,798,285,0.736842105263
122,123,833,250,0.769159741459
123,124,704,379,0.650046168052
124,125,819,264,0.756232686981
125,126,791,292,0.730378578024
126,127,644,439,0.594644506002
127,128,720,363,0.664819944598
128,129,786,297,0.725761772853
129,130,680,403,0.627885503232
130,131,780,303,0.720221606648
131,132,721,362,0.665743305633
132,133,808,275,0.746075715605
133,134,729,354,0.673130193906
134,135,744,339,0.686980609418
135,136,768,315,0.709141274238
136,137,687,396,0.634349030471
137,138,764,319,0.705447830102
138,139,728,355,0.672206832872
139,140,823,260,0.759926131117
140,141,748,335,0.690674053555
141,142,803,280,0.741458910434
142,143,754,329,0.69621421976
143,144,831,252,0.767313019391
144,145,815,268,0.752539242844
145,146,822,261,0.759002770083
146,147,822,261,0.759002770083
147,148,821,262,0.758079409049
148,149,781,302,0.721144967682
149,150,763,320,0.704524469067
150,151,788,295,0.727608494922
151,152,687,396,0.634349030471
152,153,776,307,0.716528162512
153,154,774,309,0.714681440443
154,155,842,241,0.777469990766
155,156,818,265,0.755309325946
156,157,869,214,0.802400738689
157,158,747,336,0.689750692521
158,159,743,340,0.686057248384
159,160,829,254,0.765466297322
160,161,806,277,0.744228993536
161,162,824,259,0.760849492151
162,163,807,276,0.745152354571
163,164,881,202,0.813481071099
164,165,861,222,0.795013850416
165,166,839,244,0.774699907664
166,167,881,202,0.813481071099
167,168,734,349,0.677746999077
168,169,797,286,0.735918744229
169,170,618,465,0.570637119114
170,171,660,423,0.609418282548
171,172,808,275,0.746075715605
172,173,771,312,0.711911357341
173,174,768,315,0.709141274238
174,175,783,300,0.722991689751
175,176,771,312,0.711911357341
176,177,742,341,0.68513388735
177,178,797,286,0.735918744229
178,179,779,304,0.719298245614
179,180,786,297,0.725761772853
180,181,832,251,0.768236380425
181,182,734,349,0.677746999077
182,183,854,229,0.788550323176
183,184,855,228,0.789473684211
184,185,852,231,0.786703601108
185,186,848,235,0.783010156971
186,187,867,216,0.80055401662
187,188,817,266,0.754385964912
188,189,795,288,0.734072022161
189,190,805,278,0.743305632502
190,191,798,285,0.736842105263
191,192,792,291,0.731301939058
192,193,792,291,0.731301939058
193,194,797,286,0.735918744229
194,195,769,314,0.710064635272
195,196,785,298,0.724838411819
196,197,799,284,0.737765466297
197,198,810,273,0.747922437673
198,199,801,282,0.739612188366
199,200,794,289,0.733148661127
200,201,860,223,0.794090489381
201,202,842,241,0.777469990766
202,203,817,266,0.754385964912
203,204,820,263,0.757156048015
204,205,871,212,0.804247460757
205,206,817,266,0.754385964912
206,207,857,226,0.791320406279
207,208,766,317,0.70729455217
208,209,789,294,0.728531855956
209,210,767,316,0.708217913204
210,211,803,280,0.741458910434
211,212,822,261,0.759002770083
212,213,755,328,0.697137580794
213,214,816,267,0.753462603878
214,215,826,257,0.76269621422
215,216,834,249,0.770083102493
216,217,777,306,0.717451523546
217,218,696,387,0.642659279778
218,219,689,394,0.636195752539
219,220,806,277,0.744228993536
220,221,790,293,0.72945521699
221,222,705,378,0.650969529086
222,223,702,381,0.648199445983
223,224,711,372,0.656509695291
224,225,779,304,0.719298245614
225,226,764,319,0.705447830102
226,227,704,379,0.650046168052
227,228,677,406,0.625115420129
228,229,888,195,0.819944598338
229,230,766,317,0.70729455217
230,231,799,284,0.737765466297
231,232,854,229,0.788550323176
232,233,791,292,0.730378578024
233,234,838,245,0.77377654663
234,235,811,272,0.748845798707
235,236,745,338,0.687903970452
236,237,680,403,0.627885503232
237,238,719,364,0.663896583564
238,239,776,307,0.716528162512
239,240,730,353,0.67405355494
240,241,706,377,0.65189289012
241,242,772,311,0.712834718375
242,243,757,326,0.698984302862
243,244,774,309,0.714681440443
244,245,715,368,0.660203139428
245,246,814,269,0.75161588181
246,247,734,349,0.677746999077
247,248,726,357,0.670360110803
248,249,793,290,0.732225300092
249,250,753,330,0.695290858726
250,251,783,300,0.722991689751
251,252,796,287,0.734995383195
252,253,838,245,0.77377654663
253,254,853,230,0.787626962142
254,255,750,333,0.692520775623
255,256,753,330,0.695290858726
256,257,757,326,0.698984302862
257,258,676,407,0.624192059095
258,259,793,290,0.732225300092
259,260,760,323,0.701754385965
260,261,785,298,0.724838411819
261,262,774,309,0.714681440443
262,263,831,252,0.767313019391
263,264,800,283,0.738688827331
264,265,800,283,0.738688827331
265,266,779,304,0.719298245614
266,267,786,297,0.725761772853
267,268,805,278,0.743305632502
268,269,800,283,0.738688827331
269,270,758,325,0.699907663897
270,271,698,385,0.644506001847
271,272,716,367,0.661126500462
272,273,776,307,0.716528162512
273,274,795,288,0.734072022161
274,275,793,290,0.732225300092
275,276,856,227,0.790397045245
276,277,771,312,0.711911357341
277,278,883,200,0.815327793167
278,279,845,238,0.780240073869
279,280,823,260,0.759926131117
280,281,851,232,0.785780240074
281,282,880,203,0.812557710065
282,283,902,181,0.832871652816
283,284,847,236,0.782086795937
284,285,819,264,0.756232686981
285,286,881,202,0.813481071099
286,287,892,191,0.823638042475
287,288,837,246,0.772853185596
288,289,848,235,0.783010156971
289,290,892,191,0.823638042475
290,291,870,213,0.803324099723
291,292,871,212,0.804247460757
292,293,871,212,0.804247460757
293,294,866,217,0.799630655586
294,295,886,197,0.81809787627
295,296,869,214,0.802400738689
296,297,881,202,0.813481071099
297,298,864,219,0.797783933518
298,299,845,238,0.780240073869
299,300,836,247,0.771929824561
300,301,821,262,0.758079409049
301,302,856,227,0.790397045245
302,303,863,220,0.796860572484
303,304,870,213,0.803324099723
304,305,859,224,0.793167128347
305,306,898,185,0.82917820868
306,307,907,176,0.837488457987
307,308,915,168,0.84487534626
308,309,811,272,0.748845798707
309,310,854,229,0.788550323176
310,311,891,192,0.82271468144
311,312,873,210,0.806094182825
312,313,893,190,0.824561403509
313,314,907,176,0.837488457987
314,315,893,190,0.824561403509
315,316,821,262,0.758079409049
316,317,878,205,0.810710987996
317,318,846,237,0.781163434903
318,319,896,187,0.827331486611
319,320,829,254,0.765466297322
320,321,865,218,0.798707294552
321,322,884,199,0.816251154201
322,323,836,247,0.771929824561
323,324,860,223,0.794090489381
324,325,827,256,0.763619575254
325,326,853,230,0.787626962142
326,327,847,236,0.782086795937
327,328,740,343,0.683287165282
328,329,882,201,0.814404432133
329,330,837,246,0.772853185596
330,331,872,211,0.805170821791
331,332,897,186,0.828254847645
332,333,882,201,0.814404432133
333,334,890,193,0.821791320406
334,335,862,221,0.79593721145
335,336,832,251,0.768236380425
336,337,888,195,0.819944598338
337,338,856,227,0.790397045245
338,339,884,199,0.816251154201
339,340,892,191,0.823638042475
340,341,859,224,0.793167128347
341,342,854,229,0.788550323176
342,343,896,187,0.827331486611
343,344,857,226,0.791320406279
344,345,861,222,0.795013850416
345,346,897,186,0.828254847645
346,347,819,264,0.756232686981
347,348,858,225,0.792243767313
348,349,877,206,0.809787626962
349,350,881,202,0.813481071099
350,351,918,165,0.847645429363
351,352,892,191,0.823638042475
352,353,877,206,0.809787626962
353,354,884,199,0.816251154201
354,355,848,235,0.783010156971
355,356,885,198,0.817174515235
356,357,905,178,0.835641735919
357,358,902,181,0.832871652816
358,359,889,194,0.820867959372
359,360,875,208,0.807940904894
360,361,829,254,0.765466297322
361,362,886,197,0.81809787627
362,363,889,194,0.820867959372
363,364,859,224,0.793167128347
364,365,835,248,0.771006463527
365,366,863,220,0.796860572484
366,367,894,189,0.825484764543
367,368,897,186,0.828254847645
368,369,892,191,0.823638042475
369,370,878,205,0.810710987996
370,371,874,209,0.80701754386
371,372,890,193,0.821791320406
372,373,889,194,0.820867959372
373,374,898,185,0.82917820868
374,375,922,161,0.8513388735
375,376,883,200,0.815327793167
376,377,893,190,0.824561403509
377,378,917,166,0.846722068329
378,379,895,188,0.826408125577
379,380,924,159,0.853185595568
380,381,925,158,0.854108956602
381,382,890,193,0.821791320406
382,383,882,201,0.814404432133
383,384,911,172,0.841181902124
384,385,911,172,0.841181902124
385,386,919,164,0.848568790397
386,387,913,170,0.843028624192
387,388,913,170,0.843028624192
388,389,910,173,0.84025854109
389,390,897,186,0.828254847645
390,391,920,163,0.849492151431
391,392,918,165,0.847645429363
392,393,899,184,0.830101569714
393,394,904,179,0.834718374885
394,395,879,204,0.81163434903
395,396,869,214,0.802400738689
396,397,913,170,0.843028624192
397,398,889,194,0.820867959372
398,399,873,210,0.806094182825
