0,1,742,341,0.68513388735
1,2,712,371,0.657433056325
2,3,787,296,0.726685133887
3,4,808,275,0.746075715605
4,5,714,369,0.659279778393
5,6,820,263,0.757156048015
6,7,865,218,0.798707294552
7,8,851,232,0.785780240074
8,9,823,260,0.759926131117
9,10,837,246,0.772853185596
10,11,840,243,0.775623268698
11,12,843,240,0.778393351801
12,13,797,286,0.735918744229
13,14,771,312,0.711911357341
14,15,806,277,0.744228993536
15,16,797,286,0.735918744229
16,17,827,256,0.763619575254
17,18,829,254,0.765466297322
18,19,824,259,0.760849492151
19,20,881,202,0.813481071099
20,21,812,271,0.749769159741
21,22,868,215,0.801477377655
22,23,849,234,0.783933518006
23,24,829,254,0.765466297322
24,25,839,244,0.774699907664
25,26,843,240,0.778393351801
26,27,853,230,0.787626962142
27,28,876,207,0.808864265928
28,29,848,235,0.783010156971
29,30,813,270,0.750692520776
30,31,868,215,0.801477377655
31,32,888,195,0.819944598338
32,33,837,246,0.772853185596
33,34,839,244,0.774699907664
34,35,827,256,0.763619575254
35,36,848,235,0.783010156971
36,37,887,196,0.819021237304
37,38,882,201,0.814404432133
38,39,871,212,0.804247460757
39,40,834,249,0.770083102493
40,41,880,203,0.812557710065
41,42,841,242,0.776546629732
42,43,884,199,0.816251154201
43,44,888,195,0.819944598338
44,45,813,270,0.750692520776
45,46,873,210,0.806094182825
46,47,890,193,0.821791320406
47,48,888,195,0.819944598338
48,49,833,250,0.769159741459
49,50,858,225,0.792243767313
50,51,873,210,0.806094182825
51,52,891,192,0.82271468144
52,53,857,226,0.791320406279
53,54,854,229,0.788550323176
54,55,868,215,0.801477377655
55,56,856,227,0.790397045245
56,57,850,233,0.78485687904
57,58,882,201,0.814404432133
58,59,866,217,0.799630655586
59,60,871,212,0.804247460757
60,61,868,215,0.801477377655
61,62,877,206,0.809787626962
62,63,859,224,0.793167128347
63,64,880,203,0.812557710065
64,65,867,216,0.80055401662
65,66,850,233,0.78485687904
66,67,900,183,0.831024930748
67,68,870,213,0.803324099723
68,69,911,172,0.841181902124
69,70,883,200,0.815327793167
70,71,915,168,0.84487534626
71,72,877,206,0.809787626962
72,73,841,242,0.776546629732
73,74,867,216,0.80055401662
74,75,879,204,0.81163434903
75,76,872,211,0.805170821791
76,77,881,202,0.813481071099
77,78,875,208,0.807940904894
78,79,865,218,0.798707294552
79,80,841,242,0.776546629732
80,81,899,184,0.830101569714
81,82,880,203,0.812557710065
82,83,886,197,0.81809787627
83,84,891,192,0.82271468144
84,85,888,195,0.819944598338
85,86,887,196,0.819021237304
86,87,879,204,0.81163434903
87,88,895,188,0.826408125577
88,89,893,190,0.824561403509
89,90,868,215,0.801477377655
90,91,873,210,0.806094182825
91,92,877,206,0.809787626962
92,93,871,212,0.804247460757
93,94,906,177,0.836565096953
94,95,890,193,0.821791320406
95,96,880,203,0.812557710065
96,97,830,253,0.766389658356
97,98,904,179,0.834718374885
98,99,859,224,0.793167128347
99,100,904,179,0.834718374885
100,101,889,194,0.820867959372
101,102,881,202,0.813481071099
102,103,868,215,0.801477377655
103,104,885,198,0.817174515235
104,105,890,193,0.821791320406
105,106,900,183,0.831024930748
106,107,925,158,0.854108956602
107,108,879,204,0.81163434903
108,109,903,180,0.83379501385
109,110,872,211,0.805170821791
110,111,897,186,0.828254847645
111,112,878,205,0.810710987996
112,113,902,181,0.832871652816
113,114,921,162,0.850415512465
114,115,868,215,0.801477377655
115,116,915,168,0.84487534626
116,117,895,188,0.826408125577
117,118,930,153,0.858725761773
118,119,696,387,0.642659279778
119,120,726,357,0.670360110803
120,121,778,305,0.71837488458
121,122,824,259,0.760849492151
122,123,826,257,0.76269621422
123,124,737,346,0.680517082179
124,125,835,248,0.771006463527
125,126,810,273,0.747922437673
126,127,651,432,0.601108033241
127,128,735,348,0.678670360111
128,129,831,252,0.767313019391
129,130,719,364,0.663896583564
130,131,748,335,0.690674053555
131,132,760,323,0.701754385965
132,133,835,248,0.771006463527
133,134,777,306,0.717451523546
134,135,708,375,0.653739612188
135,136,754,329,0.69621421976
136,137,703,380,0.649122807018
137,138,733,350,0.676823638042
138,139,758,325,0.699907663897
139,140,789,294,0.728531855956
140,141,829,254,0.765466297322
141,142,801,282,0.739612188366
142,143,726,357,0.670360110803
143,144,836,247,0.771929824561
144,145,797,286,0.735918744229
145,146,817,266,0.754385964912
146,147,819,264,0.756232686981
147,148,827,256,0.763619575254
148,149,775,308,0.715604801477
149,150,782,301,0.722068328717
150,151,808,275,0.746075715605
151,152,707,376,0.652816251154
152,153,794,289,0.733148661127
153,154,802,281,0.7405355494
154,155,841,242,0.776546629732
155,156,838,245,0.77377654663
156,157,875,208,0.807940904894
157,158,750,333,0.692520775623
158,159,802,281,0.7405355494
159,160,842,241,0.777469990766
160,161,820,263,0.757156048015
161,162,855,228,0.789473684211
162,163,817,266,0.754385964912
163,164,873,210,0.806094182825
164,165,867,216,0.80055401662
165,166,837,246,0.772853185596
166,167,838,245,0.77377654663
167,168,746,337,0.688827331487
168,169,799,284,0.737765466297
169,170,627,456,0.578947368421
170,171,655,428,0.604801477378
171,172,818,265,0.755309325946
172,173,818,265,0.755309325946
173,174,749,334,0.691597414589
174,175,783,300,0.722991689751
175,176,760,323,0.701754385965
176,177,761,322,0.702677746999
177,178,800,283,0.738688827331
178,179,800,283,0.738688827331
179,180,784,299,0.723915050785
180,181,871,212,0.804247460757
181,182,766,317,0.70729455217
182,183,838,245,0.77377654663
183,184,863,220,0.796860572484
184,185,886,197,0.81809787627
185,186,869,214,0.802400738689
186,187,821,262,0.758079409049
187,188,831,252,0.767313019391
188,189,779,304,0.719298245614
189,190,773,310,0.713758079409
190,191,803,280,0.741458910434
191,192,797,286,0.735918744229
192,193,813,270,0.750692520776
193,194,836,247,0.771929824561
194,195,741,342,0.684210526316
195,196,800,283,0.738688827331
196,197,816,267,0.753462603878
197,198,808,275,0.746075715605
198,199,777,306,0.717451523546
199,200,852,231,0.786703601108
200,201,853,230,0.787626962142
201,202,825,258,0.761772853186
202,203,796,287,0.734995383195
203,204,840,243,0.775623268698
204,205,859,224,0.793167128347
205,206,825,258,0.761772853186
206,207,837,246,0.772853185596
207,208,736,347,0.679593721145
208,209,776,307,0.716528162512
209,210,732,351,0.675900277008
210,211,801,282,0.739612188366
211,212,818,265,0.755309325946
212,213,807,276,0.745152354571
213,214,792,291,0.731301939058
214,215,810,273,0.747922437673
215,216,838,245,0.77377654663
216,217,766,317,0.70729455217
217,218,693,390,0.639889196676
218,219,647,436,0.597414589104
219,220,809,274,0.746999076639
220,221,811,272,0.748845798707
221,222,689,394,0.636195752539
222,223,746,337,0.688827331487
223,224,719,364,0.663896583564
224,225,758,325,0.699907663897
225,226,741,342,0.684210526316
226,227,729,354,0.673130193906
227,228,712,371,0.657433056325
228,229,871,212,0.804247460757
229,230,768,315,0.709141274238
230,231,790,293,0.72945521699
231,232,858,225,0.792243767313
232,233,796,287,0.734995383195
233,234,771,312,0.711911357341
234,235,795,288,0.734072022161
235,236,721,362,0.665743305633
236,237,629,454,0.580794090489
237,238,714,369,0.659279778393
238,239,786,297,0.725761772853
239,240,740,343,0.683287165282
240,241,727,356,0.671283471837
241,242,803,280,0.741458910434
242,243,773,310,0.713758079409
243,244,819,264,0.756232686981
244,245,680,403,0.627885503232
245,246,790,293,0.72945521699
246,247,761,322,0.702677746999
247,248,743,340,0.686057248384
248,249,788,295,0.727608494922
249,250,743,340,0.686057248384
250,251,751,332,0.693444136657
251,252,797,286,0.735918744229
252,253,837,246,0.772853185596
253,254,900,183,0.831024930748
254,255,755,328,0.697137580794
255,256,747,336,0.689750692521
256,257,784,299,0.723915050785
257,258,721,362,0.665743305633
258,259,802,281,0.7405355494
259,260,775,308,0.715604801477
260,261,806,277,0.744228993536
261,262,797,286,0.735918744229
262,263,837,246,0.772853185596
263,264,816,267,0.753462603878
264,265,798,285,0.736842105263
265,266,779,304,0.719298245614
266,267,741,342,0.684210526316
267,268,839,244,0.774699907664
268,269,828,255,0.764542936288
269,270,763,320,0.704524469067
270,271,732,351,0.675900277008
271,272,716,367,0.661126500462
272,273,780,303,0.720221606648
273,274,801,282,0.739612188366
274,275,784,299,0.723915050785
275,276,854,229,0.788550323176
276,277,790,293,0.72945521699
277,278,871,212,0.804247460757
278,279,848,235,0.783010156971
279,280,842,241,0.777469990766
280,281,832,251,0.768236380425
281,282,866,217,0.799630655586
282,283,885,198,0.817174515235
283,284,824,259,0.760849492151
284,285,837,246,0.772853185596
285,286,899,184,0.830101569714
286,287,899,184,0.830101569714
287,288,853,230,0.787626962142
288,289,863,220,0.796860572484
289,290,891,192,0.82271468144
290,291,883,200,0.815327793167
291,292,879,204,0.81163434903
292,293,832,251,0.768236380425
293,294,869,214,0.802400738689
294,295,869,214,0.802400738689
295,296,888,195,0.819944598338
296,297,889,194,0.820867959372
297,298,870,213,0.803324099723
298,299,854,229,0.788550323176
299,300,810,273,0.747922437673
300,301,816,267,0.753462603878
301,302,867,216,0.80055401662
302,303,848,235,0.783010156971
303,304,863,220,0.796860572484
304,305,858,225,0.792243767313
305,306,897,186,0.828254847645
306,307,895,188,0.826408125577
307,308,885,198,0.817174515235
308,309,861,222,0.795013850416
309,310,858,225,0.792243767313
310,311,895,188,0.826408125577
311,312,889,194,0.820867959372
312,313,902,181,0.832871652816
313,314,892,191,0.823638042475
314,315,887,196,0.819021237304
315,316,864,219,0.797783933518
316,317,877,206,0.809787626962
317,318,849,234,0.783933518006
318,319,894,189,0.825484764543
319,320,840,243,0.775623268698
320,321,877,206,0.809787626962
321,322,906,177,0.836565096953
322,323,858,225,0.792243767313
323,324,881,202,0.813481071099
324,325,805,278,0.743305632502
325,326,857,226,0.791320406279
326,327,830,253,0.766389658356
327,328,763,320,0.704524469067
328,329,887,196,0.819021237304
329,330,858,225,0.792243767313
330,331,875,208,0.807940904894
331,332,877,206,0.809787626962
332,333,889,194,0.820867959372
333,334,873,210,0.806094182825
334,335,814,269,0.75161588181
335,336,858,225,0.792243767313
336,337,905,178,0.835641735919
337,338,874,209,0.80701754386
338,339,889,194,0.820867959372
339,340,919,164,0.848568790397
340,341,871,212,0.804247460757
341,342,870,213,0.803324099723
342,343,892,191,0.823638042475
343,344,875,208,0.807940904894
344,345,861,222,0.795013850416
345,346,896,187,0.827331486611
346,347,887,196,0.819021237304
347,348,865,218,0.798707294552
348,349,899,184,0.830101569714
349,350,895,188,0.826408125577
350,351,904,179,0.834718374885
351,352,860,223,0.794090489381
352,353,876,207,0.808864265928
353,354,911,172,0.841181902124
354,355,855,228,0.789473684211
355,356,827,256,0.763619575254
356,357,913,170,0.843028624192
357,358,900,183,0.831024930748
358,359,906,177,0.836565096953
359,360,883,200,0.815327793167
360,361,838,245,0.77377654663
361,362,897,186,0.828254847645
362,363,896,187,0.827331486611
363,364,878,205,0.810710987996
364,365,846,237,0.781163434903
365,366,806,277,0.744228993536
366,367,899,184,0.830101569714
367,368,884,199,0.816251154201
368,369,887,196,0.819021237304
369,370,876,207,0.808864265928
370,371,904,179,0.834718374885
371,372,891,192,0.82271468144
372,373,880,203,0.812557710065
373,374,911,172,0.841181902124
374,375,924,159,0.853185595568
375,376,852,231,0.786703601108
376,377,890,193,0.821791320406
377,378,928,155,0.856879039705
378,379,936,147,0.864265927978
379,380,921,162,0.850415512465
380,381,938,145,0.866112650046
381,382,876,207,0.808864265928
382,383,888,195,0.819944598338
383,384,910,173,0.84025854109
384,385,902,181,0.832871652816
385,386,904,179,0.834718374885
386,387,900,183,0.831024930748
387,388,894,189,0.825484764543
388,389,935,148,0.863342566944
389,390,914,169,0.843951985226
390,391,935,148,0.863342566944
391,392,923,160,0.852262234534
392,393,918,165,0.847645429363
393,394,938,145,0.866112650046
394,395,893,190,0.824561403509
395,396,883,200,0.815327793167
396,397,916,167,0.845798707295
397,398,906,177,0.836565096953
398,399,911,172,0.841181902124
