0,1,768,315,0.709141274238
1,2,700,383,0.646352723915
2,3,778,305,0.71837488458
3,4,828,255,0.764542936288
4,5,752,331,0.694367497692
5,6,809,274,0.746999076639
6,7,804,279,0.742382271468
7,8,827,256,0.763619575254
8,9,847,236,0.782086795937
9,10,871,212,0.804247460757
10,11,864,219,0.797783933518
11,12,782,301,0.722068328717
12,13,840,243,0.775623268698
13,14,803,280,0.741458910434
14,15,821,262,0.758079409049
15,16,827,256,0.763619575254
16,17,790,293,0.72945521699
17,18,840,243,0.775623268698
18,19,837,246,0.772853185596
19,20,892,191,0.823638042475
20,21,837,246,0.772853185596
21,22,859,224,0.793167128347
22,23,863,220,0.796860572484
23,24,875,208,0.807940904894
24,25,842,241,0.777469990766
25,26,848,235,0.783010156971
26,27,885,198,0.817174515235
27,28,761,322,0.702677746999
28,29,835,248,0.771006463527
29,30,835,248,0.771006463527
30,31,848,235,0.783010156971
31,32,897,186,0.828254847645
32,33,835,248,0.771006463527
33,34,873,210,0.806094182825
34,35,869,214,0.802400738689
35,36,831,252,0.767313019391
36,37,806,277,0.744228993536
37,38,857,226,0.791320406279
38,39,895,188,0.826408125577
39,40,855,228,0.789473684211
40,41,893,190,0.824561403509
41,42,818,265,0.755309325946
42,43,895,188,0.826408125577
43,44,881,202,0.813481071099
44,45,826,257,0.76269621422
45,46,853,230,0.787626962142
46,47,901,182,0.831948291782
47,48,868,215,0.801477377655
48,49,842,241,0.777469990766
49,50,899,184,0.830101569714
50,51,874,209,0.80701754386
51,52,866,217,0.799630655586
52,53,866,217,0.799630655586
53,54,876,207,0.808864265928
54,55,868,215,0.801477377655
55,56,863,220,0.796860572484
56,57,881,202,0.813481071099
57,58,885,198,0.817174515235
58,59,875,208,0.807940904894
59,60,857,226,0.791320406279
60,61,863,220,0.796860572484
61,62,878,205,0.810710987996
62,63,858,225,0.792243767313
63,64,884,199,0.816251154201
64,65,885,198,0.817174515235
65,66,859,224,0.793167128347
66,67,910,173,0.84025854109
67,68,877,206,0.809787626962
68,69,893,190,0.824561403509
69,70,902,181,0.832871652816
70,71,894,189,0.825484764543
71,72,901,182,0.831948291782
72,73,859,224,0.793167128347
73,74,865,218,0.798707294552
74,75,888,195,0.819944598338
75,76,875,208,0.807940904894
76,77,897,186,0.828254847645
77,78,878,205,0.810710987996
78,79,887,196,0.819021237304
79,80,876,207,0.808864265928
80,81,900,183,0.831024930748
81,82,871,212,0.804247460757
82,83,864,219,0.797783933518
83,84,903,180,0.83379501385
84,85,905,178,0.835641735919
85,86,903,180,0.83379501385
86,87,895,188,0.826408125577
87,88,917,166,0.846722068329
88,89,888,195,0.819944598338
89,90,875,208,0.807940904894
90,91,873,210,0.806094182825
91,92,880,203,0.812557710065
92,93,865,218,0.798707294552
93,94,893,190,0.824561403509
94,95,905,178,0.835641735919
95,96,893,190,0.824561403509
96,97,865,218,0.798707294552
97,98,903,180,0.83379501385
98,99,874,209,0.80701754386
99,100,890,193,0.821791320406
100,101,906,177,0.836565096953
101,102,901,182,0.831948291782
102,103,867,216,0.80055401662
103,104,902,181,0.832871652816
104,105,880,203,0.812557710065
105,106,908,175,0.838411819021
106,107,911,172,0.841181902124
107,108,887,196,0.819021237304
108,109,899,184,0.830101569714
109,110,868,215,0.801477377655
110,111,878,205,0.810710987996
111,112,879,204,0.81163434903
112,113,904,179,0.834718374885
113,114,934,149,0.86241920591
114,115,875,208,0.807940904894
115,116,908,175,0.838411819021
116,117,890,193,0.821791320406
117,118,937,146,0.865189289012
118,119,713,370,0.658356417359
119,120,708,375,0.653739612188
120,121,727,356,0.671283471837
121,122,802,281,0.7405355494
122,123,833,250,0.769159741459
123,124,695,388,0.641735918744
124,125,841,242,0.776546629732
125,126,777,306,0.717451523546
126,127,727,356,0.671283471837
127,128,805,278,0.743305632502
128,129,838,245,0.77377654663
129,130,749,334,0.691597414589
130,131,743,340,0.686057248384
131,132,755,328,0.697137580794
132,133,817,266,0.754385964912
133,134,720,363,0.664819944598
134,135,787,296,0.726685133887
135,136,767,316,0.708217913204
136,137,677,406,0.625115420129
137,138,753,330,0.695290858726
138,139,762,321,0.703601108033
139,140,814,269,0.75161588181
140,141,806,277,0.744228993536
141,142,820,263,0.757156048015
142,143,761,322,0.702677746999
143,144,825,258,0.761772853186
144,145,835,248,0.771006463527
145,146,857,226,0.791320406279
146,147,818,265,0.755309325946
147,148,841,242,0.776546629732
148,149,765,318,0.706371191136
149,150,772,311,0.712834718375
150,151,817,266,0.754385964912
151,152,681,402,0.628808864266
152,153,800,283,0.738688827331
153,154,814,269,0.75161588181
154,155,879,204,0.81163434903
155,156,828,255,0.764542936288
156,157,890,193,0.821791320406
157,158,778,305,0.71837488458
158,159,783,300,0.722991689751
159,160,848,235,0.783010156971
160,161,829,254,0.765466297322
161,162,872,211,0.805170821791
162,163,832,251,0.768236380425
163,164,879,204,0.81163434903
164,165,871,212,0.804247460757
165,166,840,243,0.775623268698
166,167,835,248,0.771006463527
167,168,789,294,0.728531855956
168,169,795,288,0.734072022161
169,170,618,465,0.570637119114
170,171,676,407,0.624192059095
171,172,810,273,0.747922437673
172,173,806,277,0.744228993536
173,174,778,305,0.71837488458
174,175,783,300,0.722991689751
175,176,786,297,0.725761772853
176,177,758,325,0.699907663897
177,178,797,286,0.735918744229
178,179,790,293,0.72945521699
179,180,793,290,0.732225300092
180,181,867,216,0.80055401662
181,182,751,332,0.693444136657
182,183,847,236,0.782086795937
183,184,849,234,0.783933518006
184,185,874,209,0.80701754386
185,186,820,263,0.757156048015
186,187,863,220,0.796860572484
187,188,850,233,0.78485687904
188,189,799,284,0.737765466297
189,190,796,287,0.734995383195
190,191,808,275,0.746075715605
191,192,797,286,0.735918744229
192,193,793,290,0.732225300092
193,194,807,276,0.745152354571
194,195,773,310,0.713758079409
195,196,794,289,0.733148661127
196,197,818,265,0.755309325946
197,198,813,270,0.750692520776
198,199,810,273,0.747922437673
199,200,758,325,0.699907663897
200,201,840,243,0.775623268698
201,202,838,245,0.77377654663
202,203,812,271,0.749769159741
203,204,842,241,0.777469990766
204,205,867,216,0.80055401662
205,206,824,259,0.760849492151
206,207,871,212,0.804247460757
207,208,737,346,0.680517082179
208,209,821,262,0.758079409049
209,210,805,278,0.743305632502
210,211,807,276,0.745152354571
211,212,826,257,0.76269621422
212,213,814,269,0.75161588181
213,214,777,306,0.717451523546
214,215,808,275,0.746075715605
215,216,829,254,0.765466297322
216,217,768,315,0.709141274238
217,218,701,382,0.647276084949
218,219,653,430,0.602954755309
219,220,646,437,0.59649122807
220,221,812,271,0.749769159741
221,222,622,461,0.57433056325
222,223,745,338,0.687903970452
223,224,696,387,0.642659279778
224,225,717,366,0.662049861496
225,226,768,315,0.709141274238
226,227,714,369,0.659279778393
227,228,711,372,0.656509695291
228,229,873,210,0.806094182825
229,230,774,309,0.714681440443
230,231,811,272,0.748845798707
231,232,829,254,0.765466297322
232,233,796,287,0.734995383195
233,234,820,263,0.757156048015
234,235,783,300,0.722991689751
235,236,720,363,0.664819944598
236,237,638,445,0.589104339797
237,238,722,361,0.666666666667
238,239,757,326,0.698984302862
239,240,752,331,0.694367497692
240,241,703,380,0.649122807018
241,242,766,317,0.70729455217
242,243,743,340,0.686057248384
243,244,833,250,0.769159741459
244,245,742,341,0.68513388735
245,246,807,276,0.745152354571
246,247,745,338,0.687903970452
247,248,739,344,0.682363804247
248,249,790,293,0.72945521699
249,250,748,335,0.690674053555
250,251,751,332,0.693444136657
251,252,792,291,0.731301939058
252,253,839,244,0.774699907664
253,254,809,274,0.746999076639
254,255,782,301,0.722068328717
255,256,769,314,0.710064635272
256,257,683,400,0.630655586334
257,258,714,369,0.659279778393
258,259,776,307,0.716528162512
259,260,791,292,0.730378578024
260,261,809,274,0.746999076639
261,262,810,273,0.747922437673
262,263,836,247,0.771929824561
263,264,800,283,0.738688827331
264,265,798,285,0.736842105263
265,266,772,311,0.712834718375
266,267,778,305,0.71837488458
267,268,838,245,0.77377654663
268,269,827,256,0.763619575254
269,270,794,289,0.733148661127
270,271,698,385,0.644506001847
271,272,746,337,0.688827331487
272,273,802,281,0.7405355494
273,274,813,270,0.750692520776
274,275,800,283,0.738688827331
275,276,853,230,0.787626962142
276,277,809,274,0.746999076639
277,278,867,216,0.80055401662
278,279,848,235,0.783010156971
279,280,817,266,0.754385964912
280,281,782,301,0.722068328717
281,282,868,215,0.801477377655
282,283,891,192,0.82271468144
283,284,853,230,0.787626962142
284,285,842,241,0.777469990766
285,286,895,188,0.826408125577
286,287,902,181,0.832871652816
287,288,829,254,0.765466297322
288,289,858,225,0.792243767313
289,290,880,203,0.812557710065
290,291,865,218,0.798707294552
291,292,864,219,0.797783933518
292,293,857,226,0.791320406279
293,294,835,248,0.771006463527
294,295,861,222,0.795013850416
295,296,889,194,0.820867959372
296,297,896,187,0.827331486611
297,298,872,211,0.805170821791
298,299,869,214,0.802400738689
299,300,855,228,0.789473684211
300,301,837,246,0.772853185596
301,302,866,217,0.799630655586
302,303,858,225,0.792243767313
303,304,857,226,0.791320406279
304,305,871,212,0.804247460757
305,306,887,196,0.819021237304
306,307,901,182,0.831948291782
307,308,901,182,0.831948291782
308,309,862,221,0.79593721145
309,310,844,239,0.779316712835
310,311,893,190,0.824561403509
311,312,887,196,0.819021237304
312,313,895,188,0.826408125577
313,314,918,165,0.847645429363
314,315,882,201,0.814404432133
315,316,819,264,0.756232686981
316,317,875,208,0.807940904894
317,318,822,261,0.759002770083
318,319,886,197,0.81809787627
319,320,819,264,0.756232686981
320,321,872,211,0.805170821791
321,322,913,170,0.843028624192
322,323,853,230,0.787626962142
323,324,882,201,0.814404432133
324,325,854,229,0.788550323176
325,326,844,239,0.779316712835
326,327,850,233,0.78485687904
327,328,743,340,0.686057248384
328,329,883,200,0.815327793167
329,330,856,227,0.790397045245
330,331,876,207,0.808864265928
331,332,901,182,0.831948291782
332,333,873,210,0.806094182825
333,334,889,194,0.820867959372
334,335,839,244,0.774699907664
335,336,847,236,0.782086795937
336,337,877,206,0.809787626962
337,338,860,223,0.794090489381
338,339,864,219,0.797783933518
339,340,913,170,0.843028624192
340,341,872,211,0.805170821791
341,342,877,206,0.809787626962
342,343,900,183,0.831024930748
343,344,895,188,0.826408125577
344,345,879,204,0.81163434903
345,346,894,189,0.825484764543
346,347,847,236,0.782086795937
347,348,847,236,0.782086795937
348,349,892,191,0.823638042475
349,350,895,188,0.826408125577
350,351,912,171,0.842105263158
351,352,901,182,0.831948291782
352,353,879,204,0.81163434903
353,354,902,181,0.832871652816
354,355,860,223,0.794090489381
355,356,780,303,0.720221606648
356,357,903,180,0.83379501385
357,358,891,192,0.82271468144
358,359,897,186,0.828254847645
359,360,880,203,0.812557710065
360,361,840,243,0.775623268698
361,362,855,228,0.789473684211
362,363,896,187,0.827331486611
363,364,883,200,0.815327793167
364,365,838,245,0.77377654663
365,366,852,231,0.786703601108
366,367,879,204,0.81163434903
367,368,900,183,0.831024930748
368,369,897,186,0.828254847645
369,370,843,240,0.778393351801
370,371,907,176,0.837488457987
371,372,888,195,0.819944598338
372,373,906,177,0.836565096953
373,374,899,184,0.830101569714
374,375,923,160,0.852262234534
375,376,886,197,0.81809787627
376,377,876,207,0.808864265928
377,378,917,166,0.846722068329
378,379,924,159,0.853185595568
379,380,928,155,0.856879039705
380,381,925,158,0.854108956602
381,382,887,196,0.819021237304
382,383,888,195,0.819944598338
383,384,924,159,0.853185595568
384,385,912,171,0.842105263158
385,386,874,209,0.80701754386
386,387,896,187,0.827331486611
387,388,913,170,0.843028624192
388,389,934,149,0.86241920591
389,390,892,191,0.823638042475
390,391,916,167,0.845798707295
391,392,933,150,0.861495844875
392,393,892,191,0.823638042475
393,394,906,177,0.836565096953
394,395,898,185,0.82917820868
395,396,882,201,0.814404432133
396,397,918,165,0.847645429363
397,398,886,197,0.81809787627
398,399,868,215,0.801477377655
