0,1,768,315,0.709141274238
1,2,759,324,0.700831024931
2,3,803,280,0.741458910434
3,4,815,268,0.752539242844
4,5,802,281,0.7405355494
5,6,831,252,0.767313019391
6,7,846,237,0.781163434903
7,8,845,238,0.780240073869
8,9,825,258,0.761772853186
9,10,843,240,0.778393351801
10,11,845,238,0.780240073869
11,12,838,245,0.77377654663
12,13,829,254,0.765466297322
13,14,770,313,0.710987996307
14,15,814,269,0.75161588181
15,16,803,280,0.741458910434
16,17,838,245,0.77377654663
17,18,829,254,0.765466297322
18,19,847,236,0.782086795937
19,20,879,204,0.81163434903
20,21,850,233,0.78485687904
21,22,870,213,0.803324099723
22,23,857,226,0.791320406279
23,24,862,221,0.79593721145
24,25,813,270,0.750692520776
25,26,866,217,0.799630655586
26,27,860,223,0.794090489381
27,28,857,226,0.791320406279
28,29,859,224,0.793167128347
29,30,833,250,0.769159741459
30,31,846,237,0.781163434903
31,32,891,192,0.82271468144
32,33,842,241,0.777469990766
33,34,851,232,0.785780240074
34,35,826,257,0.76269621422
35,36,856,227,0.790397045245
36,37,875,208,0.807940904894
37,38,858,225,0.792243767313
38,39,886,197,0.81809787627
39,40,862,221,0.79593721145
40,41,881,202,0.813481071099
41,42,843,240,0.778393351801
42,43,866,217,0.799630655586
43,44,878,205,0.810710987996
44,45,844,239,0.779316712835
45,46,871,212,0.804247460757
46,47,871,212,0.804247460757
47,48,888,195,0.819944598338
48,49,847,236,0.782086795937
49,50,889,194,0.820867959372
50,51,892,191,0.823638042475
51,52,905,178,0.835641735919
52,53,870,213,0.803324099723
53,54,889,194,0.820867959372
54,55,883,200,0.815327793167
55,56,885,198,0.817174515235
56,57,812,271,0.749769159741
57,58,874,209,0.80701754386
58,59,891,192,0.82271468144
59,60,850,233,0.78485687904
60,61,870,213,0.803324099723
61,62,891,192,0.82271468144
62,63,863,220,0.796860572484
63,64,875,208,0.807940904894
64,65,890,193,0.821791320406
65,66,862,221,0.79593721145
66,67,896,187,0.827331486611
67,68,888,195,0.819944598338
68,69,907,176,0.837488457987
69,70,890,193,0.821791320406
70,71,903,180,0.83379501385
71,72,866,217,0.799630655586
72,73,868,215,0.801477377655
73,74,857,226,0.791320406279
74,75,890,193,0.821791320406
75,76,851,232,0.785780240074
76,77,864,219,0.797783933518
77,78,882,201,0.814404432133
78,79,893,190,0.824561403509
79,80,771,312,0.711911357341
80,81,868,215,0.801477377655
81,82,861,222,0.795013850416
82,83,873,210,0.806094182825
83,84,859,224,0.793167128347
84,85,903,180,0.83379501385
85,86,889,194,0.820867959372
86,87,825,258,0.761772853186
87,88,848,235,0.783010156971
88,89,891,192,0.82271468144
89,90,869,214,0.802400738689
90,91,853,230,0.787626962142
91,92,893,190,0.824561403509
92,93,879,204,0.81163434903
93,94,903,180,0.83379501385
94,95,901,182,0.831948291782
95,96,887,196,0.819021237304
96,97,851,232,0.785780240074
97,98,898,185,0.82917820868
98,99,863,220,0.796860572484
99,100,899,184,0.830101569714
100,101,903,180,0.83379501385
101,102,898,185,0.82917820868
102,103,869,214,0.802400738689
103,104,898,185,0.82917820868
104,105,876,207,0.808864265928
105,106,878,205,0.810710987996
106,107,913,170,0.843028624192
107,108,867,216,0.80055401662
108,109,898,185,0.82917820868
109,110,881,202,0.813481071099
110,111,898,185,0.82917820868
111,112,883,200,0.815327793167
112,113,875,208,0.807940904894
113,114,887,196,0.819021237304
114,115,853,230,0.787626962142
115,116,900,183,0.831024930748
116,117,896,187,0.827331486611
117,118,944,139,0.871652816251
118,119,737,346,0.680517082179
119,120,706,377,0.65189289012
120,121,742,341,0.68513388735
121,122,799,284,0.737765466297
122,123,834,249,0.770083102493
123,124,718,365,0.66297322253
124,125,837,246,0.772853185596
125,126,792,291,0.731301939058
126,127,676,407,0.624192059095
127,128,818,265,0.755309325946
128,129,831,252,0.767313019391
129,130,747,336,0.689750692521
130,131,782,301,0.722068328717
131,132,782,301,0.722068328717
132,133,816,267,0.753462603878
133,134,793,290,0.732225300092
134,135,766,317,0.70729455217
135,136,778,305,0.71837488458
136,137,701,382,0.647276084949
137,138,748,335,0.690674053555
138,139,752,331,0.694367497692
139,140,810,273,0.747922437673
140,141,791,292,0.730378578024
141,142,816,267,0.753462603878
142,143,742,341,0.68513388735
143,144,853,230,0.787626962142
144,145,848,235,0.783010156971
145,146,869,214,0.802400738689
146,147,822,261,0.759002770083
147,148,852,231,0.786703601108
148,149,789,294,0.728531855956
149,150,778,305,0.71837488458
150,151,790,293,0.72945521699
151,152,711,372,0.656509695291
152,153,794,289,0.733148661127
153,154,763,320,0.704524469067
154,155,879,204,0.81163434903
155,156,829,254,0.765466297322
156,157,863,220,0.796860572484
157,158,753,330,0.695290858726
158,159,771,312,0.711911357341
159,160,848,235,0.783010156971
160,161,764,319,0.705447830102
161,162,871,212,0.804247460757
162,163,833,250,0.769159741459
163,164,878,205,0.810710987996
164,165,876,207,0.808864265928
165,166,838,245,0.77377654663
166,167,849,234,0.783933518006
167,168,752,331,0.694367497692
168,169,808,275,0.746075715605
169,170,607,476,0.560480147738
170,171,682,401,0.6297322253
171,172,806,277,0.744228993536
172,173,849,234,0.783933518006
173,174,784,299,0.723915050785
174,175,778,305,0.71837488458
175,176,781,302,0.721144967682
176,177,739,344,0.682363804247
177,178,821,262,0.758079409049
178,179,801,282,0.739612188366
179,180,739,344,0.682363804247
180,181,862,221,0.79593721145
181,182,721,362,0.665743305633
182,183,868,215,0.801477377655
183,184,862,221,0.79593721145
184,185,876,207,0.808864265928
185,186,826,257,0.76269621422
186,187,878,205,0.810710987996
187,188,842,241,0.777469990766
188,189,793,290,0.732225300092
189,190,807,276,0.745152354571
190,191,801,282,0.739612188366
191,192,801,282,0.739612188366
192,193,802,281,0.7405355494
193,194,838,245,0.77377654663
194,195,805,278,0.743305632502
195,196,818,265,0.755309325946
196,197,825,258,0.761772853186
197,198,811,272,0.748845798707
198,199,817,266,0.754385964912
199,200,845,238,0.780240073869
200,201,862,221,0.79593721145
201,202,824,259,0.760849492151
202,203,812,271,0.749769159741
203,204,816,267,0.753462603878
204,205,860,223,0.794090489381
205,206,833,250,0.769159741459
206,207,885,198,0.817174515235
207,208,715,368,0.660203139428
208,209,817,266,0.754385964912
209,210,787,296,0.726685133887
210,211,800,283,0.738688827331
211,212,815,268,0.752539242844
212,213,797,286,0.735918744229
213,214,817,266,0.754385964912
214,215,823,260,0.759926131117
215,216,829,254,0.765466297322
216,217,772,311,0.712834718375
217,218,717,366,0.662049861496
218,219,615,468,0.567867036011
219,220,807,276,0.745152354571
220,221,794,289,0.733148661127
221,222,691,392,0.638042474608
222,223,724,359,0.668513388735
223,224,734,349,0.677746999077
224,225,793,290,0.732225300092
225,226,756,327,0.698060941828
226,227,745,338,0.687903970452
227,228,690,393,0.637119113573
228,229,882,201,0.814404432133
229,230,769,314,0.710064635272
230,231,800,283,0.738688827331
231,232,859,224,0.793167128347
232,233,810,273,0.747922437673
233,234,845,238,0.780240073869
234,235,807,276,0.745152354571
235,236,767,316,0.708217913204
236,237,674,409,0.622345337027
237,238,673,410,0.621421975993
238,239,754,329,0.69621421976
239,240,766,317,0.70729455217
240,241,714,369,0.659279778393
241,242,785,298,0.724838411819
242,243,783,300,0.722991689751
243,244,809,274,0.746999076639
244,245,750,333,0.692520775623
245,246,786,297,0.725761772853
246,247,753,330,0.695290858726
247,248,736,347,0.679593721145
248,249,801,282,0.739612188366
249,250,736,347,0.679593721145
250,251,729,354,0.673130193906
251,252,818,265,0.755309325946
252,253,837,246,0.772853185596
253,254,897,186,0.828254847645
254,255,687,396,0.634349030471
255,256,775,308,0.715604801477
256,257,781,302,0.721144967682
257,258,676,407,0.624192059095
258,259,788,295,0.727608494922
259,260,788,295,0.727608494922
260,261,777,306,0.717451523546
261,262,806,277,0.744228993536
262,263,808,275,0.746075715605
263,264,813,270,0.750692520776
264,265,772,311,0.712834718375
265,266,793,290,0.732225300092
266,267,790,293,0.72945521699
267,268,830,253,0.766389658356
268,269,821,262,0.758079409049
269,270,785,298,0.724838411819
270,271,707,376,0.652816251154
271,272,736,347,0.679593721145
272,273,790,293,0.72945521699
273,274,786,297,0.725761772853
274,275,818,265,0.755309325946
275,276,849,234,0.783933518006
276,277,817,266,0.754385964912
277,278,861,222,0.795013850416
278,279,864,219,0.797783933518
279,280,853,230,0.787626962142
280,281,856,227,0.790397045245
281,282,824,259,0.760849492151
282,283,865,218,0.798707294552
283,284,860,223,0.794090489381
284,285,839,244,0.774699907664
285,286,882,201,0.814404432133
286,287,891,192,0.82271468144
287,288,856,227,0.790397045245
288,289,858,225,0.792243767313
289,290,891,192,0.82271468144
290,291,874,209,0.80701754386
291,292,872,211,0.805170821791
292,293,813,270,0.750692520776
293,294,874,209,0.80701754386
294,295,856,227,0.790397045245
295,296,904,179,0.834718374885
296,297,897,186,0.828254847645
297,298,874,209,0.80701754386
298,299,858,225,0.792243767313
299,300,872,211,0.805170821791
300,301,827,256,0.763619575254
301,302,854,229,0.788550323176
302,303,848,235,0.783010156971
303,304,852,231,0.786703601108
304,305,869,214,0.802400738689
305,306,911,172,0.841181902124
306,307,888,195,0.819944598338
307,308,912,171,0.842105263158
308,309,870,213,0.803324099723
309,310,866,217,0.799630655586
310,311,892,191,0.823638042475
311,312,895,188,0.826408125577
312,313,892,191,0.823638042475
313,314,922,161,0.8513388735
314,315,909,174,0.839335180055
315,316,870,213,0.803324099723
316,317,872,211,0.805170821791
317,318,867,216,0.80055401662
318,319,907,176,0.837488457987
319,320,866,217,0.799630655586
320,321,857,226,0.791320406279
321,322,914,169,0.843951985226
322,323,860,223,0.794090489381
323,324,883,200,0.815327793167
324,325,821,262,0.758079409049
325,326,868,215,0.801477377655
326,327,847,236,0.782086795937
327,328,727,356,0.671283471837
328,329,879,204,0.81163434903
329,330,864,219,0.797783933518
330,331,895,188,0.826408125577
331,332,897,186,0.828254847645
332,333,874,209,0.80701754386
333,334,887,196,0.819021237304
334,335,847,236,0.782086795937
335,336,848,235,0.783010156971
336,337,885,198,0.817174515235
337,338,861,222,0.795013850416
338,339,903,180,0.83379501385
339,340,901,182,0.831948291782
340,341,880,203,0.812557710065
341,342,876,207,0.808864265928
342,343,891,192,0.82271468144
343,344,900,183,0.831024930748
344,345,887,196,0.819021237304
345,346,880,203,0.812557710065
346,347,859,224,0.793167128347
347,348,871,212,0.804247460757
348,349,883,200,0.815327793167
349,350,892,191,0.823638042475
350,351,891,192,0.82271468144
351,352,906,177,0.836565096953
352,353,880,203,0.812557710065
353,354,909,174,0.839335180055
354,355,846,237,0.781163434903
355,356,892,191,0.823638042475
356,357,897,186,0.828254847645
357,358,907,176,0.837488457987
358,359,893,190,0.824561403509
359,360,910,173,0.84025854109
360,361,858,225,0.792243767313
361,362,904,179,0.834718374885
362,363,914,169,0.843951985226
363,364,885,198,0.817174515235
364,365,843,240,0.778393351801
365,366,872,211,0.805170821791
366,367,907,176,0.837488457987
367,368,915,168,0.84487534626
368,369,911,172,0.841181902124
369,370,845,238,0.780240073869
370,371,903,180,0.83379501385
371,372,908,175,0.838411819021
372,373,898,185,0.82917820868
373,374,921,162,0.850415512465
374,375,922,161,0.8513388735
375,376,881,202,0.813481071099
376,377,907,176,0.837488457987
377,378,936,147,0.864265927978
378,379,941,142,0.868882733149
379,380,939,144,0.86703601108
380,381,929,154,0.857802400739
381,382,899,184,0.830101569714
382,383,894,189,0.825484764543
383,384,931,152,0.859649122807
384,385,913,170,0.843028624192
385,386,904,179,0.834718374885
386,387,926,157,0.855032317636
387,388,918,165,0.847645429363
388,389,947,136,0.874422899354
389,390,911,172,0.841181902124
390,391,913,170,0.843028624192
391,392,942,141,0.869806094183
392,393,913,170,0.843028624192
393,394,928,155,0.856879039705
394,395,910,173,0.84025854109
395,396,897,186,0.828254847645
396,397,922,161,0.8513388735
397,398,896,187,0.827331486611
398,399,916,167,0.845798707295
