0,1,757,326,0.698984302862
1,2,733,350,0.676823638042
2,3,784,299,0.723915050785
3,4,816,267,0.753462603878
4,5,768,315,0.709141274238
5,6,793,290,0.732225300092
6,7,827,256,0.763619575254
7,8,813,270,0.750692520776
8,9,763,320,0.704524469067
9,10,816,267,0.753462603878
10,11,810,273,0.747922437673
11,12,811,272,0.748845798707
12,13,814,269,0.75161588181
13,14,778,305,0.71837488458
14,15,778,305,0.71837488458
15,16,773,310,0.713758079409
16,17,827,256,0.763619575254
17,18,821,262,0.758079409049
18,19,851,232,0.785780240074
19,20,888,195,0.819944598338
20,21,829,254,0.765466297322
21,22,872,211,0.805170821791
22,23,852,231,0.786703601108
23,24,853,230,0.787626962142
24,25,822,261,0.759002770083
25,26,807,276,0.745152354571
26,27,876,207,0.808864265928
27,28,821,262,0.758079409049
28,29,816,267,0.753462603878
29,30,821,262,0.758079409049
30,31,861,222,0.795013850416
31,32,873,210,0.806094182825
32,33,853,230,0.787626962142
33,34,852,231,0.786703601108
34,35,834,249,0.770083102493
35,36,830,253,0.766389658356
36,37,872,211,0.805170821791
37,38,854,229,0.788550323176
38,39,877,206,0.809787626962
39,40,861,222,0.795013850416
40,41,876,207,0.808864265928
41,42,839,244,0.774699907664
42,43,892,191,0.823638042475
43,44,885,198,0.817174515235
44,45,816,267,0.753462603878
45,46,869,214,0.802400738689
46,47,913,170,0.843028624192
47,48,876,207,0.808864265928
48,49,838,245,0.77377654663
49,50,889,194,0.820867959372
50,51,877,206,0.809787626962
51,52,870,213,0.803324099723
52,53,851,232,0.785780240074
53,54,866,217,0.799630655586
54,55,867,216,0.80055401662
55,56,883,200,0.815327793167
56,57,880,203,0.812557710065
57,58,876,207,0.808864265928
58,59,881,202,0.813481071099
59,60,861,222,0.795013850416
60,61,868,215,0.801477377655
61,62,864,219,0.797783933518
62,63,818,265,0.755309325946
63,64,860,223,0.794090489381
64,65,875,208,0.807940904894
65,66,868,215,0.801477377655
66,67,857,226,0.791320406279
67,68,876,207,0.808864265928
68,69,888,195,0.819944598338
69,70,885,198,0.817174515235
70,71,881,202,0.813481071099
71,72,878,205,0.810710987996
72,73,841,242,0.776546629732
73,74,824,259,0.760849492151
74,75,886,197,0.81809787627
75,76,870,213,0.803324099723
76,77,882,201,0.814404432133
77,78,869,214,0.802400738689
78,79,887,196,0.819021237304
79,80,838,245,0.77377654663
80,81,887,196,0.819021237304
81,82,859,224,0.793167128347
82,83,872,211,0.805170821791
83,84,883,200,0.815327793167
84,85,897,186,0.828254847645
85,86,891,192,0.82271468144
86,87,870,213,0.803324099723
87,88,878,205,0.810710987996
88,89,890,193,0.821791320406
89,90,872,211,0.805170821791
90,91,888,195,0.819944598338
91,92,896,187,0.827331486611
92,93,862,221,0.79593721145
93,94,882,201,0.814404432133
94,95,900,183,0.831024930748
95,96,884,199,0.816251154201
96,97,868,215,0.801477377655
97,98,905,178,0.835641735919
98,99,863,220,0.796860572484
99,100,884,199,0.816251154201
100,101,877,206,0.809787626962
101,102,882,201,0.814404432133
102,103,869,214,0.802400738689
103,104,884,199,0.816251154201
104,105,878,205,0.810710987996
105,106,894,189,0.825484764543
106,107,896,187,0.827331486611
107,108,857,226,0.791320406279
108,109,905,178,0.835641735919
109,110,870,213,0.803324099723
110,111,898,185,0.82917820868
111,112,875,208,0.807940904894
112,113,875,208,0.807940904894
113,114,913,170,0.843028624192
114,115,858,225,0.792243767313
115,116,912,171,0.842105263158
116,117,904,179,0.834718374885
117,118,939,144,0.86703601108
118,119,691,392,0.638042474608
119,120,725,358,0.669436749769
120,121,764,319,0.705447830102
121,122,811,272,0.748845798707
122,123,847,236,0.782086795937
123,124,726,357,0.670360110803
124,125,832,251,0.768236380425
125,126,772,311,0.712834718375
126,127,677,406,0.625115420129
127,128,766,317,0.70729455217
128,129,836,247,0.771929824561
129,130,762,321,0.703601108033
130,131,758,325,0.699907663897
131,132,754,329,0.69621421976
132,133,822,261,0.759002770083
133,134,784,299,0.723915050785
134,135,753,330,0.695290858726
135,136,784,299,0.723915050785
136,137,698,385,0.644506001847
137,138,752,331,0.694367497692
138,139,740,343,0.683287165282
139,140,807,276,0.745152354571
140,141,813,270,0.750692520776
141,142,756,327,0.698060941828
142,143,751,332,0.693444136657
143,144,820,263,0.757156048015
144,145,823,260,0.759926131117
145,146,823,260,0.759926131117
146,147,786,297,0.725761772853
147,148,846,237,0.781163434903
148,149,775,308,0.715604801477
149,150,781,302,0.721144967682
150,151,797,286,0.735918744229
151,152,690,393,0.637119113573
152,153,778,305,0.71837488458
153,154,724,359,0.668513388735
154,155,839,244,0.774699907664
155,156,817,266,0.754385964912
156,157,875,208,0.807940904894
157,158,737,346,0.680517082179
158,159,755,328,0.697137580794
159,160,826,257,0.76269621422
160,161,832,251,0.768236380425
161,162,870,213,0.803324099723
162,163,810,273,0.747922437673
163,164,875,208,0.807940904894
164,165,865,218,0.798707294552
165,166,874,209,0.80701754386
166,167,866,217,0.799630655586
167,168,766,317,0.70729455217
168,169,803,280,0.741458910434
169,170,627,456,0.578947368421
170,171,667,416,0.615881809788
171,172,792,291,0.731301939058
172,173,786,297,0.725761772853
173,174,784,299,0.723915050785
174,175,826,257,0.76269621422
175,176,790,293,0.72945521699
176,177,746,337,0.688827331487
177,178,821,262,0.758079409049
178,179,778,305,0.71837488458
179,180,751,332,0.693444136657
180,181,828,255,0.764542936288
181,182,749,334,0.691597414589
182,183,844,239,0.779316712835
183,184,855,228,0.789473684211
184,185,869,214,0.802400738689
185,186,854,229,0.788550323176
186,187,844,239,0.779316712835
187,188,850,233,0.78485687904
188,189,761,322,0.702677746999
189,190,784,299,0.723915050785
190,191,798,285,0.736842105263
191,192,794,289,0.733148661127
192,193,826,257,0.76269621422
193,194,788,295,0.727608494922
194,195,813,270,0.750692520776
195,196,819,264,0.756232686981
196,197,830,253,0.766389658356
197,198,816,267,0.753462603878
198,199,816,267,0.753462603878
199,200,852,231,0.786703601108
200,201,844,239,0.779316712835
201,202,832,251,0.768236380425
202,203,826,257,0.76269621422
203,204,826,257,0.76269621422
204,205,865,218,0.798707294552
205,206,822,261,0.759002770083
206,207,852,231,0.786703601108
207,208,733,350,0.676823638042
208,209,846,237,0.781163434903
209,210,778,305,0.71837488458
210,211,797,286,0.735918744229
211,212,828,255,0.764542936288
212,213,763,320,0.704524469067
213,214,826,257,0.76269621422
214,215,809,274,0.746999076639
215,216,843,240,0.778393351801
216,217,777,306,0.717451523546
217,218,696,387,0.642659279778
218,219,636,447,0.587257617729
219,220,861,222,0.795013850416
220,221,785,298,0.724838411819
221,222,663,420,0.612188365651
222,223,769,314,0.710064635272
223,224,713,370,0.658356417359
224,225,801,282,0.739612188366
225,226,759,324,0.700831024931
226,227,727,356,0.671283471837
227,228,682,401,0.6297322253
228,229,868,215,0.801477377655
229,230,782,301,0.722068328717
230,231,815,268,0.752539242844
231,232,852,231,0.786703601108
232,233,786,297,0.725761772853
233,234,864,219,0.797783933518
234,235,778,305,0.71837488458
235,236,743,340,0.686057248384
236,237,636,447,0.587257617729
237,238,697,386,0.643582640813
238,239,763,320,0.704524469067
239,240,765,318,0.706371191136
240,241,721,362,0.665743305633
241,242,776,307,0.716528162512
242,243,783,300,0.722991689751
243,244,775,308,0.715604801477
244,245,747,336,0.689750692521
245,246,788,295,0.727608494922
246,247,762,321,0.703601108033
247,248,725,358,0.669436749769
248,249,803,280,0.741458910434
249,250,755,328,0.697137580794
250,251,773,310,0.713758079409
251,252,798,285,0.736842105263
252,253,833,250,0.769159741459
253,254,897,186,0.828254847645
254,255,716,367,0.661126500462
255,256,741,342,0.684210526316
256,257,796,287,0.734995383195
257,258,728,355,0.672206832872
258,259,744,339,0.686980609418
259,260,783,300,0.722991689751
260,261,785,298,0.724838411819
261,262,817,266,0.754385964912
262,263,770,313,0.710987996307
263,264,825,258,0.761772853186
264,265,791,292,0.730378578024
265,266,775,308,0.715604801477
266,267,786,297,0.725761772853
267,268,832,251,0.768236380425
268,269,840,243,0.775623268698
269,270,785,298,0.724838411819
270,271,731,352,0.674976915974
271,272,708,375,0.653739612188
272,273,762,321,0.703601108033
273,274,785,298,0.724838411819
274,275,801,282,0.739612188366
275,276,830,253,0.766389658356
276,277,808,275,0.746075715605
277,278,871,212,0.804247460757
278,279,844,239,0.779316712835
279,280,836,247,0.771929824561
280,281,843,240,0.778393351801
281,282,866,217,0.799630655586
282,283,875,208,0.807940904894
283,284,857,226,0.791320406279
284,285,846,237,0.781163434903
285,286,880,203,0.812557710065
286,287,888,195,0.819944598338
287,288,834,249,0.770083102493
288,289,867,216,0.80055401662
289,290,890,193,0.821791320406
290,291,864,219,0.797783933518
291,292,853,230,0.787626962142
292,293,826,257,0.76269621422
293,294,880,203,0.812557710065
294,295,890,193,0.821791320406
295,296,896,187,0.827331486611
296,297,884,199,0.816251154201
297,298,871,212,0.804247460757
298,299,859,224,0.793167128347
299,300,831,252,0.767313019391
300,301,825,258,0.761772853186
301,302,861,222,0.795013850416
302,303,871,212,0.804247460757
303,304,873,210,0.806094182825
304,305,874,209,0.80701754386
305,306,908,175,0.838411819021
306,307,911,172,0.841181902124
307,308,903,180,0.83379501385
308,309,867,216,0.80055401662
309,310,867,216,0.80055401662
310,311,898,185,0.82917820868
311,312,894,189,0.825484764543
312,313,867,216,0.80055401662
313,314,915,168,0.84487534626
314,315,899,184,0.830101569714
315,316,821,262,0.758079409049
316,317,868,215,0.801477377655
317,318,833,250,0.769159741459
318,319,893,190,0.824561403509
319,320,857,226,0.791320406279
320,321,876,207,0.808864265928
321,322,888,195,0.819944598338
322,323,846,237,0.781163434903
323,324,876,207,0.808864265928
324,325,856,227,0.790397045245
325,326,862,221,0.79593721145
326,327,855,228,0.789473684211
327,328,741,342,0.684210526316
328,329,867,216,0.80055401662
329,330,863,220,0.796860572484
330,331,860,223,0.794090489381
331,332,869,214,0.802400738689
332,333,892,191,0.823638042475
333,334,909,174,0.839335180055
334,335,864,219,0.797783933518
335,336,858,225,0.792243767313
336,337,895,188,0.826408125577
337,338,876,207,0.808864265928
338,339,896,187,0.827331486611
339,340,903,180,0.83379501385
340,341,811,272,0.748845798707
341,342,879,204,0.81163434903
342,343,864,219,0.797783933518
343,344,869,214,0.802400738689
344,345,842,241,0.777469990766
345,346,867,216,0.80055401662
346,347,855,228,0.789473684211
347,348,860,223,0.794090489381
348,349,892,191,0.823638042475
349,350,872,211,0.805170821791
350,351,922,161,0.8513388735
351,352,894,189,0.825484764543
352,353,879,204,0.81163434903
353,354,907,176,0.837488457987
354,355,868,215,0.801477377655
355,356,890,193,0.821791320406
356,357,909,174,0.839335180055
357,358,898,185,0.82917820868
358,359,888,195,0.819944598338
359,360,903,180,0.83379501385
360,361,849,234,0.783933518006
361,362,881,202,0.813481071099
362,363,885,198,0.817174515235
363,364,879,204,0.81163434903
364,365,842,241,0.777469990766
365,366,874,209,0.80701754386
366,367,894,189,0.825484764543
367,368,903,180,0.83379501385
368,369,902,181,0.832871652816
369,370,877,206,0.809787626962
370,371,890,193,0.821791320406
371,372,895,188,0.826408125577
372,373,891,192,0.82271468144
373,374,908,175,0.838411819021
374,375,925,158,0.854108956602
375,376,854,229,0.788550323176
376,377,885,198,0.817174515235
377,378,924,159,0.853185595568
378,379,913,170,0.843028624192
379,380,928,155,0.856879039705
380,381,937,146,0.865189289012
381,382,889,194,0.820867959372
382,383,890,193,0.821791320406
383,384,931,152,0.859649122807
384,385,920,163,0.849492151431
385,386,914,169,0.843951985226
386,387,884,199,0.816251154201
387,388,918,165,0.847645429363
388,389,950,133,0.877192982456
389,390,902,181,0.832871652816
390,391,931,152,0.859649122807
391,392,929,154,0.857802400739
392,393,924,159,0.853185595568
393,394,921,162,0.850415512465
394,395,905,178,0.835641735919
395,396,901,182,0.831948291782
396,397,923,160,0.852262234534
397,398,905,178,0.835641735919
398,399,894,189,0.825484764543
