0,1,740,343,0.683287165282
1,2,771,312,0.711911357341
2,3,792,291,0.731301939058
3,4,801,282,0.739612188366
4,5,784,299,0.723915050785
5,6,813,270,0.750692520776
6,7,827,256,0.763619575254
7,8,815,268,0.752539242844
8,9,777,306,0.717451523546
9,10,793,290,0.732225300092
10,11,849,234,0.783933518006
11,12,842,241,0.777469990766
12,13,813,270,0.750692520776
13,14,795,288,0.734072022161
14,15,844,239,0.779316712835
15,16,824,259,0.760849492151
16,17,848,235,0.783010156971
17,18,849,234,0.783933518006
18,19,847,236,0.782086795937
19,20,904,179,0.834718374885
20,21,774,309,0.714681440443
21,22,870,213,0.803324099723
22,23,829,254,0.765466297322
23,24,843,240,0.778393351801
24,25,827,256,0.763619575254
25,26,844,239,0.779316712835
26,27,892,191,0.823638042475
27,28,890,193,0.821791320406
28,29,887,196,0.819021237304
29,30,780,303,0.720221606648
30,31,880,203,0.812557710065
31,32,896,187,0.827331486611
32,33,864,219,0.797783933518
33,34,853,230,0.787626962142
34,35,860,223,0.794090489381
35,36,859,224,0.793167128347
36,37,887,196,0.819021237304
37,38,871,212,0.804247460757
38,39,878,205,0.810710987996
39,40,867,216,0.80055401662
40,41,887,196,0.819021237304
41,42,871,212,0.804247460757
42,43,893,190,0.824561403509
43,44,864,219,0.797783933518
44,45,854,229,0.788550323176
45,46,806,277,0.744228993536
46,47,911,172,0.841181902124
47,48,902,181,0.832871652816
48,49,773,310,0.713758079409
49,50,895,188,0.826408125577
50,51,886,197,0.81809787627
51,52,884,199,0.816251154201
52,53,867,216,0.80055401662
53,54,871,212,0.804247460757
54,55,885,198,0.817174515235
55,56,876,207,0.808864265928
56,57,880,203,0.812557710065
57,58,887,196,0.819021237304
58,59,897,186,0.828254847645
59,60,857,226,0.791320406279
60,61,873,210,0.806094182825
61,62,875,208,0.807940904894
62,63,868,215,0.801477377655
63,64,883,200,0.815327793167
64,65,879,204,0.81163434903
65,66,875,208,0.807940904894
66,67,864,219,0.797783933518
67,68,896,187,0.827331486611
68,69,905,178,0.835641735919
69,70,890,193,0.821791320406
70,71,909,174,0.839335180055
71,72,905,178,0.835641735919
72,73,864,219,0.797783933518
73,74,790,293,0.72945521699
74,75,881,202,0.813481071099
75,76,849,234,0.783933518006
76,77,886,197,0.81809787627
77,78,883,200,0.815327793167
78,79,841,242,0.776546629732
79,80,865,218,0.798707294552
80,81,892,191,0.823638042475
81,82,898,185,0.82917820868
82,83,879,204,0.81163434903
83,84,863,220,0.796860572484
84,85,902,181,0.832871652816
85,86,882,201,0.814404432133
86,87,887,196,0.819021237304
87,88,899,184,0.830101569714
88,89,890,193,0.821791320406
89,90,865,218,0.798707294552
90,91,865,218,0.798707294552
91,92,904,179,0.834718374885
92,93,846,237,0.781163434903
93,94,904,179,0.834718374885
94,95,915,168,0.84487534626
95,96,885,198,0.817174515235
96,97,868,215,0.801477377655
97,98,903,180,0.83379501385
98,99,880,203,0.812557710065
99,100,899,184,0.830101569714
100,101,902,181,0.832871652816
101,102,894,189,0.825484764543
102,103,863,220,0.796860572484
103,104,890,193,0.821791320406
104,105,886,197,0.81809787627
105,106,909,174,0.839335180055
106,107,899,184,0.830101569714
107,108,857,226,0.791320406279
108,109,902,181,0.832871652816
109,110,879,204,0.81163434903
110,111,896,187,0.827331486611
111,112,871,212,0.804247460757
112,113,888,195,0.819944598338
113,114,906,177,0.836565096953
114,115,843,240,0.778393351801
115,116,909,174,0.839335180055
116,117,892,191,0.823638042475
117,118,921,162,0.850415512465
118,119,703,380,0.649122807018
119,120,708,375,0.653739612188
120,121,708,375,0.653739612188
121,122,804,279,0.742382271468
122,123,817,266,0.754385964912
123,124,724,359,0.668513388735
124,125,811,272,0.748845798707
125,126,813,270,0.750692520776
126,127,676,407,0.624192059095
127,128,797,286,0.735918744229
128,129,850,233,0.78485687904
129,130,703,380,0.649122807018
130,131,756,327,0.698060941828
131,132,721,362,0.665743305633
132,133,835,248,0.771006463527
133,134,785,298,0.724838411819
134,135,775,308,0.715604801477
135,136,790,293,0.72945521699
136,137,712,371,0.657433056325
137,138,771,312,0.711911357341
138,139,768,315,0.709141274238
139,140,815,268,0.752539242844
140,141,827,256,0.763619575254
141,142,818,265,0.755309325946
142,143,754,329,0.69621421976
143,144,839,244,0.774699907664
144,145,829,254,0.765466297322
145,146,842,241,0.777469990766
146,147,831,252,0.767313019391
147,148,851,232,0.785780240074
148,149,768,315,0.709141274238
149,150,768,315,0.709141274238
150,151,831,252,0.767313019391
151,152,716,367,0.661126500462
152,153,798,285,0.736842105263
153,154,793,290,0.732225300092
154,155,877,206,0.809787626962
155,156,808,275,0.746075715605
156,157,882,201,0.814404432133
157,158,747,336,0.689750692521
158,159,765,318,0.706371191136
159,160,832,251,0.768236380425
160,161,806,277,0.744228993536
161,162,850,233,0.78485687904
162,163,824,259,0.760849492151
163,164,883,200,0.815327793167
164,165,861,222,0.795013850416
165,166,838,245,0.77377654663
166,167,857,226,0.791320406279
167,168,774,309,0.714681440443
168,169,749,334,0.691597414589
169,170,660,423,0.609418282548
170,171,671,412,0.619575253924
171,172,830,253,0.766389658356
172,173,827,256,0.763619575254
173,174,758,325,0.699907663897
174,175,824,259,0.760849492151
175,176,791,292,0.730378578024
176,177,752,331,0.694367497692
177,178,814,269,0.75161588181
178,179,799,284,0.737765466297
179,180,771,312,0.711911357341
180,181,858,225,0.792243767313
181,182,750,333,0.692520775623
182,183,845,238,0.780240073869
183,184,822,261,0.759002770083
184,185,876,207,0.808864265928
185,186,865,218,0.798707294552
186,187,827,256,0.763619575254
187,188,855,228,0.789473684211
188,189,821,262,0.758079409049
189,190,786,297,0.725761772853
190,191,774,309,0.714681440443
191,192,793,290,0.732225300092
192,193,820,263,0.757156048015
193,194,826,257,0.76269621422
194,195,792,291,0.731301939058
195,196,817,266,0.754385964912
196,197,821,262,0.758079409049
197,198,802,281,0.7405355494
198,199,797,286,0.735918744229
199,200,859,224,0.793167128347
200,201,834,249,0.770083102493
201,202,846,237,0.781163434903
202,203,809,274,0.746999076639
203,204,848,235,0.783010156971
204,205,859,224,0.793167128347
205,206,797,286,0.735918744229
206,207,847,236,0.782086795937
207,208,806,277,0.744228993536
208,209,782,301,0.722068328717
209,210,746,337,0.688827331487
210,211,824,259,0.760849492151
211,212,857,226,0.791320406279
212,213,793,290,0.732225300092
213,214,808,275,0.746075715605
214,215,819,264,0.756232686981
215,216,812,271,0.749769159741
216,217,755,328,0.697137580794
217,218,711,372,0.656509695291
218,219,675,408,0.623268698061
219,220,865,218,0.798707294552
220,221,785,298,0.724838411819
221,222,689,394,0.636195752539
222,223,702,381,0.648199445983
223,224,732,351,0.675900277008
224,225,763,320,0.704524469067
225,226,724,359,0.668513388735
226,227,702,381,0.648199445983
227,228,724,359,0.668513388735
228,229,776,307,0.716528162512
229,230,776,307,0.716528162512
230,231,820,263,0.757156048015
231,232,824,259,0.760849492151
232,233,797,286,0.735918744229
233,234,812,271,0.749769159741
234,235,825,258,0.761772853186
235,236,776,307,0.716528162512
236,237,634,449,0.58541089566
237,238,698,385,0.644506001847
238,239,750,333,0.692520775623
239,240,776,307,0.716528162512
240,241,718,365,0.66297322253
241,242,688,395,0.635272391505
242,243,787,296,0.726685133887
243,244,814,269,0.75161588181
244,245,702,381,0.648199445983
245,246,796,287,0.734995383195
246,247,741,342,0.684210526316
247,248,724,359,0.668513388735
248,249,803,280,0.741458910434
249,250,760,323,0.701754385965
250,251,803,280,0.741458910434
251,252,793,290,0.732225300092
252,253,841,242,0.776546629732
253,254,898,185,0.82917820868
254,255,784,299,0.723915050785
255,256,774,309,0.714681440443
256,257,624,459,0.576177285319
257,258,641,442,0.591874422899
258,259,752,331,0.694367497692
259,260,789,294,0.728531855956
260,261,813,270,0.750692520776
261,262,789,294,0.728531855956
262,263,822,261,0.759002770083
263,264,821,262,0.758079409049
264,265,795,288,0.734072022161
265,266,779,304,0.719298245614
266,267,770,313,0.710987996307
267,268,827,256,0.763619575254
268,269,833,250,0.769159741459
269,270,777,306,0.717451523546
270,271,704,379,0.650046168052
271,272,731,352,0.674976915974
272,273,749,334,0.691597414589
273,274,800,283,0.738688827331
274,275,812,271,0.749769159741
275,276,854,229,0.788550323176
276,277,817,266,0.754385964912
277,278,876,207,0.808864265928
278,279,851,232,0.785780240074
279,280,854,229,0.788550323176
280,281,845,238,0.780240073869
281,282,874,209,0.80701754386
282,283,884,199,0.816251154201
283,284,848,235,0.783010156971
284,285,853,230,0.787626962142
285,286,894,189,0.825484764543
286,287,862,221,0.79593721145
287,288,840,243,0.775623268698
288,289,866,217,0.799630655586
289,290,899,184,0.830101569714
290,291,881,202,0.813481071099
291,292,851,232,0.785780240074
292,293,871,212,0.804247460757
293,294,864,219,0.797783933518
294,295,882,201,0.814404432133
295,296,877,206,0.809787626962
296,297,886,197,0.81809787627
297,298,856,227,0.790397045245
298,299,854,229,0.788550323176
299,300,844,239,0.779316712835
300,301,821,262,0.758079409049
301,302,860,223,0.794090489381
302,303,823,260,0.759926131117
303,304,859,224,0.793167128347
304,305,870,213,0.803324099723
305,306,892,191,0.823638042475
306,307,893,190,0.824561403509
307,308,911,172,0.841181902124
308,309,871,212,0.804247460757
309,310,834,249,0.770083102493
310,311,894,189,0.825484764543
311,312,873,210,0.806094182825
312,313,891,192,0.82271468144
313,314,908,175,0.838411819021
314,315,881,202,0.813481071099
315,316,844,239,0.779316712835
316,317,867,216,0.80055401662
317,318,838,245,0.77377654663
318,319,892,191,0.823638042475
319,320,853,230,0.787626962142
320,321,865,218,0.798707294552
321,322,915,168,0.84487534626
322,323,847,236,0.782086795937
323,324,850,233,0.78485687904
324,325,843,240,0.778393351801
325,326,856,227,0.790397045245
326,327,843,240,0.778393351801
327,328,736,347,0.679593721145
328,329,871,212,0.804247460757
329,330,854,229,0.788550323176
330,331,879,204,0.81163434903
331,332,909,174,0.839335180055
332,333,879,204,0.81163434903
333,334,902,181,0.832871652816
334,335,849,234,0.783933518006
335,336,850,233,0.78485687904
336,337,887,196,0.819021237304
337,338,858,225,0.792243767313
338,339,883,200,0.815327793167
339,340,901,182,0.831948291782
340,341,860,223,0.794090489381
341,342,882,201,0.814404432133
342,343,913,170,0.843028624192
343,344,875,208,0.807940904894
344,345,877,206,0.809787626962
345,346,883,200,0.815327793167
346,347,890,193,0.821791320406
347,348,878,205,0.810710987996
348,349,883,200,0.815327793167
349,350,873,210,0.806094182825
350,351,898,185,0.82917820868
351,352,896,187,0.827331486611
352,353,880,203,0.812557710065
353,354,902,181,0.832871652816
354,355,849,234,0.783933518006
355,356,882,201,0.814404432133
356,357,892,191,0.823638042475
357,358,885,198,0.817174515235
358,359,878,205,0.810710987996
359,360,805,278,0.743305632502
360,361,838,245,0.77377654663
361,362,879,204,0.81163434903
362,363,850,233,0.78485687904
363,364,866,217,0.799630655586
364,365,844,239,0.779316712835
365,366,823,260,0.759926131117
366,367,890,193,0.821791320406
367,368,841,242,0.776546629732
368,369,886,197,0.81809787627
369,370,863,220,0.796860572484
370,371,892,191,0.823638042475
371,372,889,194,0.820867959372
372,373,876,207,0.808864265928
373,374,880,203,0.812557710065
374,375,895,188,0.826408125577
375,376,874,209,0.80701754386
376,377,882,201,0.814404432133
377,378,890,193,0.821791320406
378,379,917,166,0.846722068329
379,380,934,149,0.86241920591
380,381,915,168,0.84487534626
381,382,879,204,0.81163434903
382,383,875,208,0.807940904894
383,384,909,174,0.839335180055
384,385,909,174,0.839335180055
385,386,911,172,0.841181902124
386,387,889,194,0.820867959372
387,388,898,185,0.82917820868
388,389,898,185,0.82917820868
389,390,869,214,0.802400738689
390,391,928,155,0.856879039705
391,392,925,158,0.854108956602
392,393,873,210,0.806094182825
393,394,918,165,0.847645429363
394,395,904,179,0.834718374885
395,396,892,191,0.823638042475
396,397,912,171,0.842105263158
397,398,891,192,0.82271468144
398,399,904,179,0.834718374885
