0,1,787,296,0.726685133887
1,2,750,333,0.692520775623
2,3,795,288,0.734072022161
3,4,832,251,0.768236380425
4,5,797,286,0.735918744229
5,6,846,237,0.781163434903
6,7,867,216,0.80055401662
7,8,869,214,0.802400738689
8,9,816,267,0.753462603878
9,10,859,224,0.793167128347
10,11,859,224,0.793167128347
11,12,814,269,0.75161588181
12,13,790,293,0.72945521699
13,14,816,267,0.753462603878
14,15,804,279,0.742382271468
15,16,822,261,0.759002770083
16,17,813,270,0.750692520776
17,18,836,247,0.771929824561
18,19,845,238,0.780240073869
19,20,890,193,0.821791320406
20,21,835,248,0.771006463527
21,22,883,200,0.815327793167
22,23,858,225,0.792243767313
23,24,870,213,0.803324099723
24,25,843,240,0.778393351801
25,26,862,221,0.79593721145
26,27,876,207,0.808864265928
27,28,877,206,0.809787626962
28,29,856,227,0.790397045245
29,30,839,244,0.774699907664
30,31,863,220,0.796860572484
31,32,874,209,0.80701754386
32,33,853,230,0.787626962142
33,34,861,222,0.795013850416
34,35,856,227,0.790397045245
35,36,875,208,0.807940904894
36,37,869,214,0.802400738689
37,38,857,226,0.791320406279
38,39,918,165,0.847645429363
39,40,883,200,0.815327793167
40,41,889,194,0.820867959372
41,42,854,229,0.788550323176
42,43,895,188,0.826408125577
43,44,867,216,0.80055401662
44,45,850,233,0.78485687904
45,46,861,222,0.795013850416
46,47,900,183,0.831024930748
47,48,896,187,0.827331486611
48,49,827,256,0.763619575254
49,50,900,183,0.831024930748
50,51,849,234,0.783933518006
51,52,908,175,0.838411819021
52,53,868,215,0.801477377655
53,54,862,221,0.79593721145
54,55,882,201,0.814404432133
55,56,855,228,0.789473684211
56,57,855,228,0.789473684211
57,58,885,198,0.817174515235
58,59,888,195,0.819944598338
59,60,850,233,0.78485687904
60,61,872,211,0.805170821791
61,62,882,201,0.814404432133
62,63,812,271,0.749769159741
63,64,875,208,0.807940904894
64,65,862,221,0.79593721145
65,66,886,197,0.81809787627
66,67,903,180,0.83379501385
67,68,879,204,0.81163434903
68,69,881,202,0.813481071099
69,70,867,216,0.80055401662
70,71,887,196,0.819021237304
71,72,901,182,0.831948291782
72,73,848,235,0.783010156971
73,74,836,247,0.771929824561
74,75,877,206,0.809787626962
75,76,873,210,0.806094182825
76,77,901,182,0.831948291782
77,78,849,234,0.783933518006
78,79,875,208,0.807940904894
79,80,858,225,0.792243767313
80,81,900,183,0.831024930748
81,82,852,231,0.786703601108
82,83,875,208,0.807940904894
83,84,875,208,0.807940904894
84,85,900,183,0.831024930748
85,86,889,194,0.820867959372
86,87,890,193,0.821791320406
87,88,865,218,0.798707294552
88,89,860,223,0.794090489381
89,90,868,215,0.801477377655
90,91,875,208,0.807940904894
91,92,893,190,0.824561403509
92,93,860,223,0.794090489381
93,94,895,188,0.826408125577
94,95,921,162,0.850415512465
95,96,893,190,0.824561403509
96,97,879,204,0.81163434903
97,98,900,183,0.831024930748
98,99,883,200,0.815327793167
99,100,880,203,0.812557710065
100,101,882,201,0.814404432133
101,102,890,193,0.821791320406
102,103,852,231,0.786703601108
103,104,893,190,0.824561403509
104,105,875,208,0.807940904894
105,106,882,201,0.814404432133
106,107,902,181,0.832871652816
107,108,872,211,0.805170821791
108,109,892,191,0.823638042475
109,110,880,203,0.812557710065
110,111,899,184,0.830101569714
111,112,880,203,0.812557710065
112,113,898,185,0.82917820868
113,114,908,175,0.838411819021
114,115,875,208,0.807940904894
115,116,915,168,0.84487534626
116,117,898,185,0.82917820868
117,118,920,163,0.849492151431
118,119,684,399,0.631578947368
119,120,745,338,0.687903970452
120,121,735,348,0.678670360111
121,122,807,276,0.745152354571
122,123,854,229,0.788550323176
123,124,731,352,0.674976915974
124,125,832,251,0.768236380425
125,126,808,275,0.746075715605
126,127,633,450,0.584487534626
127,128,799,284,0.737765466297
128,129,844,239,0.779316712835
129,130,738,345,0.681440443213
130,131,776,307,0.716528162512
131,132,752,331,0.694367497692
132,133,831,252,0.767313019391
133,134,788,295,0.727608494922
134,135,756,327,0.698060941828
135,136,794,289,0.733148661127
136,137,718,365,0.66297322253
137,138,772,311,0.712834718375
138,139,749,334,0.691597414589
139,140,808,275,0.746075715605
140,141,805,278,0.743305632502
141,142,803,280,0.741458910434
142,143,758,325,0.699907663897
143,144,841,242,0.776546629732
144,145,835,248,0.771006463527
145,146,845,238,0.780240073869
146,147,809,274,0.746999076639
147,148,829,254,0.765466297322
148,149,783,300,0.722991689751
149,150,782,301,0.722068328717
150,151,809,274,0.746999076639
151,152,728,355,0.672206832872
152,153,745,338,0.687903970452
153,154,758,325,0.699907663897
154,155,866,217,0.799630655586
155,156,828,255,0.764542936288
156,157,862,221,0.79593721145
157,158,749,334,0.691597414589
158,159,766,317,0.70729455217
159,160,827,256,0.763619575254
160,161,831,252,0.767313019391
161,162,863,220,0.796860572484
162,163,819,264,0.756232686981
163,164,870,213,0.803324099723
164,165,848,235,0.783010156971
165,166,852,231,0.786703601108
166,167,832,251,0.768236380425
167,168,763,320,0.704524469067
168,169,767,316,0.708217913204
169,170,618,465,0.570637119114
170,171,647,436,0.597414589104
171,172,790,293,0.72945521699
172,173,812,271,0.749769159741
173,174,773,310,0.713758079409
174,175,839,244,0.774699907664
175,176,771,312,0.711911357341
176,177,774,309,0.714681440443
177,178,815,268,0.752539242844
178,179,803,280,0.741458910434
179,180,766,317,0.70729455217
180,181,871,212,0.804247460757
181,182,747,336,0.689750692521
182,183,833,250,0.769159741459
183,184,829,254,0.765466297322
184,185,858,225,0.792243767313
185,186,841,242,0.776546629732
186,187,801,282,0.739612188366
187,188,848,235,0.783010156971
188,189,790,293,0.72945521699
189,190,748,335,0.690674053555
190,191,768,315,0.709141274238
191,192,803,280,0.741458910434
192,193,815,268,0.752539242844
193,194,811,272,0.748845798707
194,195,801,282,0.739612188366
195,196,796,287,0.734995383195
196,197,831,252,0.767313019391
197,198,748,335,0.690674053555
198,199,779,304,0.719298245614
199,200,842,241,0.777469990766
200,201,839,244,0.774699907664
201,202,820,263,0.757156048015
202,203,783,300,0.722991689751
203,204,817,266,0.754385964912
204,205,861,222,0.795013850416
205,206,825,258,0.761772853186
206,207,863,220,0.796860572484
207,208,763,320,0.704524469067
208,209,772,311,0.712834718375
209,210,757,326,0.698984302862
210,211,825,258,0.761772853186
211,212,824,259,0.760849492151
212,213,798,285,0.736842105263
213,214,809,274,0.746999076639
214,215,821,262,0.758079409049
215,216,803,280,0.741458910434
216,217,783,300,0.722991689751
217,218,697,386,0.643582640813
218,219,650,433,0.600184672207
219,220,850,233,0.78485687904
220,221,807,276,0.745152354571
221,222,614,469,0.566943674977
222,223,734,349,0.677746999077
223,224,738,345,0.681440443213
224,225,772,311,0.712834718375
225,226,758,325,0.699907663897
226,227,727,356,0.671283471837
227,228,691,392,0.638042474608
228,229,879,204,0.81163434903
229,230,775,308,0.715604801477
230,231,811,272,0.748845798707
231,232,830,253,0.766389658356
232,233,773,310,0.713758079409
233,234,848,235,0.783010156971
234,235,740,343,0.683287165282
235,236,777,306,0.717451523546
236,237,675,408,0.623268698061
237,238,668,415,0.616805170822
238,239,742,341,0.68513388735
239,240,752,331,0.694367497692
240,241,718,365,0.66297322253
241,242,785,298,0.724838411819
242,243,774,309,0.714681440443
243,244,812,271,0.749769159741
244,245,721,362,0.665743305633
245,246,794,289,0.733148661127
246,247,737,346,0.680517082179
247,248,716,367,0.661126500462
248,249,796,287,0.734995383195
249,250,733,350,0.676823638042
250,251,750,333,0.692520775623
251,252,787,296,0.726685133887
252,253,834,249,0.770083102493
253,254,883,200,0.815327793167
254,255,752,331,0.694367497692
255,256,737,346,0.680517082179
256,257,764,319,0.705447830102
257,258,718,365,0.66297322253
258,259,790,293,0.72945521699
259,260,767,316,0.708217913204
260,261,745,338,0.687903970452
261,262,779,304,0.719298245614
262,263,829,254,0.765466297322
263,264,793,290,0.732225300092
264,265,767,316,0.708217913204
265,266,795,288,0.734072022161
266,267,777,306,0.717451523546
267,268,828,255,0.764542936288
268,269,786,297,0.725761772853
269,270,741,342,0.684210526316
270,271,723,360,0.667590027701
271,272,725,358,0.669436749769
272,273,725,358,0.669436749769
273,274,798,285,0.736842105263
274,275,800,283,0.738688827331
275,276,852,231,0.786703601108
276,277,783,300,0.722991689751
277,278,867,216,0.80055401662
278,279,820,263,0.757156048015
279,280,835,248,0.771006463527
280,281,832,251,0.768236380425
281,282,822,261,0.759002770083
282,283,880,203,0.812557710065
283,284,841,242,0.776546629732
284,285,849,234,0.783933518006
285,286,867,216,0.80055401662
286,287,876,207,0.808864265928
287,288,817,266,0.754385964912
288,289,854,229,0.788550323176
289,290,873,210,0.806094182825
290,291,864,219,0.797783933518
291,292,844,239,0.779316712835
292,293,864,219,0.797783933518
293,294,874,209,0.80701754386
294,295,845,238,0.780240073869
295,296,886,197,0.81809787627
296,297,891,192,0.82271468144
297,298,834,249,0.770083102493
298,299,844,239,0.779316712835
299,300,853,230,0.787626962142
300,301,810,273,0.747922437673
301,302,862,221,0.79593721145
302,303,844,239,0.779316712835
303,304,851,232,0.785780240074
304,305,850,233,0.78485687904
305,306,869,214,0.802400738689
306,307,894,189,0.825484764543
307,308,890,193,0.821791320406
308,309,862,221,0.79593721145
309,310,848,235,0.783010156971
310,311,875,208,0.807940904894
311,312,872,211,0.805170821791
312,313,891,192,0.82271468144
313,314,899,184,0.830101569714
314,315,888,195,0.819944598338
315,316,865,218,0.798707294552
316,317,857,226,0.791320406279
317,318,845,238,0.780240073869
318,319,885,198,0.817174515235
319,320,849,234,0.783933518006
320,321,860,223,0.794090489381
321,322,911,172,0.841181902124
322,323,841,242,0.776546629732
323,324,871,212,0.804247460757
324,325,845,238,0.780240073869
325,326,851,232,0.785780240074
326,327,846,237,0.781163434903
327,328,719,364,0.663896583564
328,329,863,220,0.796860572484
329,330,839,244,0.774699907664
330,331,860,223,0.794090489381
331,332,902,181,0.832871652816
332,333,884,199,0.816251154201
333,334,882,201,0.814404432133
334,335,854,229,0.788550323176
335,336,847,236,0.782086795937
336,337,869,214,0.802400738689
337,338,864,219,0.797783933518
338,339,890,193,0.821791320406
339,340,897,186,0.828254847645
340,341,869,214,0.802400738689
341,342,882,201,0.814404432133
342,343,876,207,0.808864265928
343,344,881,202,0.813481071099
344,345,866,217,0.799630655586
345,346,884,199,0.816251154201
346,347,875,208,0.807940904894
347,348,860,223,0.794090489381
348,349,880,203,0.812557710065
349,350,878,205,0.810710987996
350,351,901,182,0.831948291782
351,352,896,187,0.827331486611
352,353,889,194,0.820867959372
353,354,893,190,0.824561403509
354,355,862,221,0.79593721145
355,356,877,206,0.809787626962
356,357,908,175,0.838411819021
357,358,899,184,0.830101569714
358,359,878,205,0.810710987996
359,360,889,194,0.820867959372
360,361,836,247,0.771929824561
361,362,882,201,0.814404432133
362,363,900,183,0.831024930748
363,364,881,202,0.813481071099
364,365,848,235,0.783010156971
365,366,831,252,0.767313019391
366,367,896,187,0.827331486611
367,368,907,176,0.837488457987
368,369,889,194,0.820867959372
369,370,870,213,0.803324099723
370,371,907,176,0.837488457987
371,372,894,189,0.825484764543
372,373,888,195,0.819944598338
373,374,882,201,0.814404432133
374,375,926,157,0.855032317636
375,376,874,209,0.80701754386
376,377,880,203,0.812557710065
377,378,916,167,0.845798707295
378,379,928,155,0.856879039705
379,380,925,158,0.854108956602
380,381,927,156,0.85595567867
381,382,892,191,0.823638042475
382,383,890,193,0.821791320406
383,384,924,159,0.853185595568
384,385,914,169,0.843951985226
385,386,875,208,0.807940904894
386,387,903,180,0.83379501385
387,388,925,158,0.854108956602
388,389,954,129,0.880886426593
389,390,888,195,0.819944598338
390,391,807,276,0.745152354571
391,392,927,156,0.85595567867
392,393,904,179,0.834718374885
393,394,907,176,0.837488457987
394,395,900,183,0.831024930748
395,396,888,195,0.819944598338
396,397,928,155,0.856879039705
397,398,899,184,0.830101569714
398,399,903,180,0.83379501385
