0,1,736,347,0.679593721145
1,2,706,377,0.65189289012
2,3,800,283,0.738688827331
3,4,826,257,0.76269621422
4,5,734,349,0.677746999077
5,6,747,336,0.689750692521
6,7,789,294,0.728531855956
7,8,827,256,0.763619575254
8,9,815,268,0.752539242844
9,10,800,283,0.738688827331
10,11,851,232,0.785780240074
11,12,841,242,0.776546629732
12,13,801,282,0.739612188366
13,14,792,291,0.731301939058
14,15,777,306,0.717451523546
15,16,812,271,0.749769159741
16,17,838,245,0.77377654663
17,18,824,259,0.760849492151
18,19,815,268,0.752539242844
19,20,864,219,0.797783933518
20,21,777,306,0.717451523546
21,22,849,234,0.783933518006
22,23,802,281,0.7405355494
23,24,850,233,0.78485687904
24,25,779,304,0.719298245614
25,26,835,248,0.771006463527
26,27,870,213,0.803324099723
27,28,796,287,0.734995383195
28,29,811,272,0.748845798707
29,30,811,272,0.748845798707
30,31,854,229,0.788550323176
31,32,863,220,0.796860572484
32,33,848,235,0.783010156971
33,34,852,231,0.786703601108
34,35,848,235,0.783010156971
35,36,830,253,0.766389658356
36,37,856,227,0.790397045245
37,38,845,238,0.780240073869
38,39,886,197,0.81809787627
39,40,848,235,0.783010156971
40,41,863,220,0.796860572484
41,42,830,253,0.766389658356
42,43,874,209,0.80701754386
43,44,876,207,0.808864265928
44,45,833,250,0.769159741459
45,46,820,263,0.757156048015
46,47,891,192,0.82271468144
47,48,856,227,0.790397045245
48,49,833,250,0.769159741459
49,50,860,223,0.794090489381
50,51,883,200,0.815327793167
51,52,891,192,0.82271468144
52,53,876,207,0.808864265928
53,54,867,216,0.80055401662
54,55,851,232,0.785780240074
55,56,867,216,0.80055401662
56,57,875,208,0.807940904894
57,58,844,239,0.779316712835
58,59,884,199,0.816251154201
59,60,856,227,0.790397045245
60,61,864,219,0.797783933518
61,62,854,229,0.788550323176
62,63,855,228,0.789473684211
63,64,878,205,0.810710987996
64,65,889,194,0.820867959372
65,66,873,210,0.806094182825
66,67,878,205,0.810710987996
67,68,885,198,0.817174515235
68,69,889,194,0.820867959372
69,70,885,198,0.817174515235
70,71,904,179,0.834718374885
71,72,888,195,0.819944598338
72,73,862,221,0.79593721145
73,74,841,242,0.776546629732
74,75,865,218,0.798707294552
75,76,866,217,0.799630655586
76,77,879,204,0.81163434903
77,78,891,192,0.82271468144
78,79,898,185,0.82917820868
79,80,861,222,0.795013850416
80,81,875,208,0.807940904894
81,82,881,202,0.813481071099
82,83,888,195,0.819944598338
83,84,889,194,0.820867959372
84,85,903,180,0.83379501385
85,86,894,189,0.825484764543
86,87,877,206,0.809787626962
87,88,898,185,0.82917820868
88,89,893,190,0.824561403509
89,90,854,229,0.788550323176
90,91,877,206,0.809787626962
91,92,892,191,0.823638042475
92,93,870,213,0.803324099723
93,94,894,189,0.825484764543
94,95,880,203,0.812557710065
95,96,897,186,0.828254847645
96,97,862,221,0.79593721145
97,98,892,191,0.823638042475
98,99,882,201,0.814404432133
99,100,886,197,0.81809787627
100,101,911,172,0.841181902124
101,102,904,179,0.834718374885
102,103,852,231,0.786703601108
103,104,900,183,0.831024930748
104,105,885,198,0.817174515235
105,106,899,184,0.830101569714
106,107,900,183,0.831024930748
107,108,874,209,0.80701754386
108,109,903,180,0.83379501385
109,110,865,218,0.798707294552
110,111,900,183,0.831024930748
111,112,869,214,0.802400738689
112,113,893,190,0.824561403509
113,114,905,178,0.835641735919
114,115,845,238,0.780240073869
115,116,875,208,0.807940904894
116,117,879,204,0.81163434903
117,118,943,140,0.870729455217
118,119,708,375,0.653739612188
119,120,718,365,0.66297322253
120,121,742,341,0.68513388735
121,122,798,285,0.736842105263
122,123,830,253,0.766389658356
123,124,717,366,0.662049861496
124,125,825,258,0.761772853186
125,126,815,268,0.752539242844
126,127,732,351,0.675900277008
127,128,800,283,0.738688827331
128,129,814,269,0.75161588181
129,130,743,340,0.686057248384
130,131,738,345,0.681440443213
131,132,742,341,0.68513388735
132,133,836,247,0.771929824561
133,134,799,284,0.737765466297
134,135,745,338,0.687903970452
135,136,769,314,0.710064635272
136,137,666,417,0.614958448753
137,138,767,316,0.708217913204
138,139,772,311,0.712834718375
139,140,793,290,0.732225300092
140,141,806,277,0.744228993536
141,142,807,276,0.745152354571
142,143,752,331,0.694367497692
143,144,831,252,0.767313019391
144,145,837,246,0.772853185596
145,146,841,242,0.776546629732
146,147,820,263,0.757156048015
147,148,831,252,0.767313019391
148,149,759,324,0.700831024931
149,150,777,306,0.717451523546
150,151,813,270,0.750692520776
151,152,724,359,0.668513388735
152,153,779,304,0.719298245614
153,154,791,292,0.730378578024
154,155,856,227,0.790397045245
155,156,824,259,0.760849492151
156,157,721,362,0.665743305633
157,158,763,320,0.704524469067
158,159,776,307,0.716528162512
159,160,843,240,0.778393351801
160,161,845,238,0.780240073869
161,162,880,203,0.812557710065
162,163,831,252,0.767313019391
163,164,876,207,0.808864265928
164,165,859,224,0.793167128347
165,166,851,232,0.785780240074
166,167,857,226,0.791320406279
167,168,788,295,0.727608494922
168,169,751,332,0.693444136657
169,170,668,415,0.616805170822
170,171,657,426,0.606648199446
171,172,841,242,0.776546629732
172,173,822,261,0.759002770083
173,174,756,327,0.698060941828
174,175,846,237,0.781163434903
175,176,779,304,0.719298245614
176,177,766,317,0.70729455217
177,178,824,259,0.760849492151
178,179,786,297,0.725761772853
179,180,792,291,0.731301939058
180,181,843,240,0.778393351801
181,182,722,361,0.666666666667
182,183,851,232,0.785780240074
183,184,855,228,0.789473684211
184,185,857,226,0.791320406279
185,186,806,277,0.744228993536
186,187,875,208,0.807940904894
187,188,842,241,0.777469990766
188,189,752,331,0.694367497692
189,190,800,283,0.738688827331
190,191,804,279,0.742382271468
191,192,780,303,0.720221606648
192,193,813,270,0.750692520776
193,194,816,267,0.753462603878
194,195,791,292,0.730378578024
195,196,800,283,0.738688827331
196,197,818,265,0.755309325946
197,198,811,272,0.748845798707
198,199,802,281,0.7405355494
199,200,856,227,0.790397045245
200,201,831,252,0.767313019391
201,202,837,246,0.772853185596
202,203,800,283,0.738688827331
203,204,849,234,0.783933518006
204,205,861,222,0.795013850416
205,206,755,328,0.697137580794
206,207,836,247,0.771929824561
207,208,744,339,0.686980609418
208,209,822,261,0.759002770083
209,210,767,316,0.708217913204
210,211,816,267,0.753462603878
211,212,847,236,0.782086795937
212,213,778,305,0.71837488458
213,214,831,252,0.767313019391
214,215,800,283,0.738688827331
215,216,830,253,0.766389658356
216,217,747,336,0.689750692521
217,218,699,384,0.645429362881
218,219,616,467,0.568790397045
219,220,848,235,0.783010156971
220,221,793,290,0.732225300092
221,222,632,451,0.583564173592
222,223,744,339,0.686980609418
223,224,751,332,0.693444136657
224,225,789,294,0.728531855956
225,226,760,323,0.701754385965
226,227,737,346,0.680517082179
227,228,682,401,0.6297322253
228,229,879,204,0.81163434903
229,230,768,315,0.709141274238
230,231,778,305,0.71837488458
231,232,849,234,0.783933518006
232,233,777,306,0.717451523546
233,234,861,222,0.795013850416
234,235,779,304,0.719298245614
235,236,733,350,0.676823638042
236,237,651,432,0.601108033241
237,238,717,366,0.662049861496
238,239,731,352,0.674976915974
239,240,758,325,0.699907663897
240,241,708,375,0.653739612188
241,242,758,325,0.699907663897
242,243,781,302,0.721144967682
243,244,785,298,0.724838411819
244,245,673,410,0.621421975993
245,246,805,278,0.743305632502
246,247,769,314,0.710064635272
247,248,709,374,0.654662973223
248,249,786,297,0.725761772853
249,250,749,334,0.691597414589
250,251,778,305,0.71837488458
251,252,802,281,0.7405355494
252,253,836,247,0.771929824561
253,254,881,202,0.813481071099
254,255,778,305,0.71837488458
255,256,760,323,0.701754385965
256,257,772,311,0.712834718375
257,258,691,392,0.638042474608
258,259,754,329,0.69621421976
259,260,786,297,0.725761772853
260,261,797,286,0.735918744229
261,262,794,289,0.733148661127
262,263,843,240,0.778393351801
263,264,805,278,0.743305632502
264,265,787,296,0.726685133887
265,266,775,308,0.715604801477
266,267,785,298,0.724838411819
267,268,784,299,0.723915050785
268,269,819,264,0.756232686981
269,270,772,311,0.712834718375
270,271,722,361,0.666666666667
271,272,704,379,0.650046168052
272,273,728,355,0.672206832872
273,274,755,328,0.697137580794
274,275,807,276,0.745152354571
275,276,852,231,0.786703601108
276,277,762,321,0.703601108033
277,278,862,221,0.79593721145
278,279,815,268,0.752539242844
279,280,838,245,0.77377654663
280,281,835,248,0.771006463527
281,282,842,241,0.777469990766
282,283,896,187,0.827331486611
283,284,842,241,0.777469990766
284,285,836,247,0.771929824561
285,286,878,205,0.810710987996
286,287,890,193,0.821791320406
287,288,860,223,0.794090489381
288,289,852,231,0.786703601108
289,290,884,199,0.816251154201
290,291,852,231,0.786703601108
291,292,877,206,0.809787626962
292,293,871,212,0.804247460757
293,294,864,219,0.797783933518
294,295,878,205,0.810710987996
295,296,888,195,0.819944598338
296,297,904,179,0.834718374885
297,298,850,233,0.78485687904
298,299,863,220,0.796860572484
299,300,854,229,0.788550323176
300,301,814,269,0.75161588181
301,302,845,238,0.780240073869
302,303,873,210,0.806094182825
303,304,861,222,0.795013850416
304,305,854,229,0.788550323176
305,306,885,198,0.817174515235
306,307,889,194,0.820867959372
307,308,883,200,0.815327793167
308,309,843,240,0.778393351801
309,310,855,228,0.789473684211
310,311,893,190,0.824561403509
311,312,869,214,0.802400738689
312,313,898,185,0.82917820868
313,314,914,169,0.843951985226
314,315,877,206,0.809787626962
315,316,830,253,0.766389658356
316,317,866,217,0.799630655586
317,318,843,240,0.778393351801
318,319,886,197,0.81809787627
319,320,843,240,0.778393351801
320,321,858,225,0.792243767313
321,322,907,176,0.837488457987
322,323,839,244,0.774699907664
323,324,862,221,0.79593721145
324,325,833,250,0.769159741459
325,326,839,244,0.774699907664
326,327,867,216,0.80055401662
327,328,729,354,0.673130193906
328,329,823,260,0.759926131117
329,330,847,236,0.782086795937
330,331,860,223,0.794090489381
331,332,877,206,0.809787626962
332,333,884,199,0.816251154201
333,334,891,192,0.82271468144
334,335,841,242,0.776546629732
335,336,842,241,0.777469990766
336,337,870,213,0.803324099723
337,338,865,218,0.798707294552
338,339,886,197,0.81809787627
339,340,910,173,0.84025854109
340,341,873,210,0.806094182825
341,342,872,211,0.805170821791
342,343,868,215,0.801477377655
343,344,865,218,0.798707294552
344,345,865,218,0.798707294552
345,346,861,222,0.795013850416
346,347,865,218,0.798707294552
347,348,867,216,0.80055401662
348,349,882,201,0.814404432133
349,350,891,192,0.82271468144
350,351,911,172,0.841181902124
351,352,892,191,0.823638042475
352,353,866,217,0.799630655586
353,354,913,170,0.843028624192
354,355,854,229,0.788550323176
355,356,885,198,0.817174515235
356,357,888,195,0.819944598338
357,358,891,192,0.82271468144
358,359,892,191,0.823638042475
359,360,893,190,0.824561403509
360,361,842,241,0.777469990766
361,362,891,192,0.82271468144
362,363,905,178,0.835641735919
363,364,874,209,0.80701754386
364,365,847,236,0.782086795937
365,366,864,219,0.797783933518
366,367,897,186,0.828254847645
367,368,906,177,0.836565096953
368,369,902,181,0.832871652816
369,370,851,232,0.785780240074
370,371,890,193,0.821791320406
371,372,887,196,0.819021237304
372,373,916,167,0.845798707295
373,374,870,213,0.803324099723
374,375,913,170,0.843028624192
375,376,873,210,0.806094182825
376,377,889,194,0.820867959372
377,378,927,156,0.85595567867
378,379,919,164,0.848568790397
379,380,923,160,0.852262234534
380,381,922,161,0.8513388735
381,382,883,200,0.815327793167
382,383,888,195,0.819944598338
383,384,922,161,0.8513388735
384,385,902,181,0.832871652816
385,386,904,179,0.834718374885
386,387,888,195,0.819944598338
387,388,921,162,0.850415512465
388,389,944,139,0.871652816251
389,390,908,175,0.838411819021
390,391,928,155,0.856879039705
391,392,929,154,0.857802400739
392,393,911,172,0.841181902124
393,394,883,200,0.815327793167
394,395,892,191,0.823638042475
395,396,890,193,0.821791320406
396,397,861,222,0.795013850416
397,398,884,199,0.816251154201
398,399,916,167,0.845798707295
