0,1,747,336,0.689750692521
1,2,731,352,0.674976915974
2,3,793,290,0.732225300092
3,4,828,255,0.764542936288
4,5,767,316,0.708217913204
5,6,800,283,0.738688827331
6,7,802,281,0.7405355494
7,8,816,267,0.753462603878
8,9,754,329,0.69621421976
9,10,834,249,0.770083102493
10,11,819,264,0.756232686981
11,12,793,290,0.732225300092
12,13,818,265,0.755309325946
13,14,767,316,0.708217913204
14,15,792,291,0.731301939058
15,16,820,263,0.757156048015
16,17,827,256,0.763619575254
17,18,820,263,0.757156048015
18,19,835,248,0.771006463527
19,20,838,245,0.77377654663
20,21,827,256,0.763619575254
21,22,850,233,0.78485687904
22,23,850,233,0.78485687904
23,24,853,230,0.787626962142
24,25,828,255,0.764542936288
25,26,856,227,0.790397045245
26,27,862,221,0.79593721145
27,28,871,212,0.804247460757
28,29,866,217,0.799630655586
29,30,849,234,0.783933518006
30,31,842,241,0.777469990766
31,32,855,228,0.789473684211
32,33,831,252,0.767313019391
33,34,844,239,0.779316712835
34,35,811,272,0.748845798707
35,36,845,238,0.780240073869
36,37,872,211,0.805170821791
37,38,851,232,0.785780240074
38,39,857,226,0.791320406279
39,40,858,225,0.792243767313
40,41,889,194,0.820867959372
41,42,844,239,0.779316712835
42,43,888,195,0.819944598338
43,44,874,209,0.80701754386
44,45,840,243,0.775623268698
45,46,845,238,0.780240073869
46,47,878,205,0.810710987996
47,48,851,232,0.785780240074
48,49,811,272,0.748845798707
49,50,871,212,0.804247460757
50,51,860,223,0.794090489381
51,52,878,205,0.810710987996
52,53,852,231,0.786703601108
53,54,863,220,0.796860572484
54,55,889,194,0.820867959372
55,56,881,202,0.813481071099
56,57,870,213,0.803324099723
57,58,882,201,0.814404432133
58,59,896,187,0.827331486611
59,60,846,237,0.781163434903
60,61,855,228,0.789473684211
61,62,874,209,0.80701754386
62,63,842,241,0.777469990766
63,64,885,198,0.817174515235
64,65,891,192,0.82271468144
65,66,871,212,0.804247460757
66,67,876,207,0.808864265928
67,68,895,188,0.826408125577
68,69,879,204,0.81163434903
69,70,882,201,0.814404432133
70,71,885,198,0.817174515235
71,72,896,187,0.827331486611
72,73,854,229,0.788550323176
73,74,827,256,0.763619575254
74,75,876,207,0.808864265928
75,76,885,198,0.817174515235
76,77,879,204,0.81163434903
77,78,854,229,0.788550323176
78,79,883,200,0.815327793167
79,80,872,211,0.805170821791
80,81,891,192,0.82271468144
81,82,866,217,0.799630655586
82,83,882,201,0.814404432133
83,84,900,183,0.831024930748
84,85,894,189,0.825484764543
85,86,886,197,0.81809787627
86,87,836,247,0.771929824561
87,88,861,222,0.795013850416
88,89,900,183,0.831024930748
89,90,846,237,0.781163434903
90,91,868,215,0.801477377655
91,92,865,218,0.798707294552
92,93,871,212,0.804247460757
93,94,883,200,0.815327793167
94,95,884,199,0.816251154201
95,96,902,181,0.832871652816
96,97,894,189,0.825484764543
97,98,904,179,0.834718374885
98,99,870,213,0.803324099723
99,100,889,194,0.820867959372
100,101,895,188,0.826408125577
101,102,885,198,0.817174515235
102,103,871,212,0.804247460757
103,104,890,193,0.821791320406
104,105,892,191,0.823638042475
105,106,888,195,0.819944598338
106,107,898,185,0.82917820868
107,108,879,204,0.81163434903
108,109,904,179,0.834718374885
109,110,871,212,0.804247460757
110,111,876,207,0.808864265928
111,112,875,208,0.807940904894
112,113,898,185,0.82917820868
113,114,916,167,0.845798707295
114,115,836,247,0.771929824561
115,116,906,177,0.836565096953
116,117,872,211,0.805170821791
117,118,946,137,0.873499538319
118,119,692,391,0.638965835642
119,120,746,337,0.688827331487
120,121,789,294,0.728531855956
121,122,810,273,0.747922437673
122,123,841,242,0.776546629732
123,124,731,352,0.674976915974
124,125,828,255,0.764542936288
125,126,813,270,0.750692520776
126,127,660,423,0.609418282548
127,128,772,311,0.712834718375
128,129,780,303,0.720221606648
129,130,689,394,0.636195752539
130,131,737,346,0.680517082179
131,132,771,312,0.711911357341
132,133,838,245,0.77377654663
133,134,737,346,0.680517082179
134,135,766,317,0.70729455217
135,136,791,292,0.730378578024
136,137,651,432,0.601108033241
137,138,778,305,0.71837488458
138,139,748,335,0.690674053555
139,140,797,286,0.735918744229
140,141,808,275,0.746075715605
141,142,810,273,0.747922437673
142,143,760,323,0.701754385965
143,144,829,254,0.765466297322
144,145,811,272,0.748845798707
145,146,865,218,0.798707294552
146,147,823,260,0.759926131117
147,148,870,213,0.803324099723
148,149,791,292,0.730378578024
149,150,801,282,0.739612188366
150,151,826,257,0.76269621422
151,152,712,371,0.657433056325
152,153,806,277,0.744228993536
153,154,776,307,0.716528162512
154,155,875,208,0.807940904894
155,156,817,266,0.754385964912
156,157,877,206,0.809787626962
157,158,768,315,0.709141274238
158,159,790,293,0.72945521699
159,160,848,235,0.783010156971
160,161,859,224,0.793167128347
161,162,882,201,0.814404432133
162,163,830,253,0.766389658356
163,164,848,235,0.783010156971
164,165,854,229,0.788550323176
165,166,854,229,0.788550323176
166,167,828,255,0.764542936288
167,168,791,292,0.730378578024
168,169,806,277,0.744228993536
169,170,622,461,0.57433056325
170,171,664,419,0.613111726685
171,172,815,268,0.752539242844
172,173,832,251,0.768236380425
173,174,778,305,0.71837488458
174,175,793,290,0.732225300092
175,176,797,286,0.735918744229
176,177,743,340,0.686057248384
177,178,779,304,0.719298245614
178,179,782,301,0.722068328717
179,180,747,336,0.689750692521
180,181,866,217,0.799630655586
181,182,760,323,0.701754385965
182,183,846,237,0.781163434903
183,184,863,220,0.796860572484
184,185,853,230,0.787626962142
185,186,807,276,0.745152354571
186,187,766,317,0.70729455217
187,188,854,229,0.788550323176
188,189,813,270,0.750692520776
189,190,775,308,0.715604801477
190,191,788,295,0.727608494922
191,192,807,276,0.745152354571
192,193,796,287,0.734995383195
193,194,793,290,0.732225300092
194,195,732,351,0.675900277008
195,196,826,257,0.76269621422
196,197,815,268,0.752539242844
197,198,813,270,0.750692520776
198,199,810,273,0.747922437673
199,200,824,259,0.760849492151
200,201,864,219,0.797783933518
201,202,846,237,0.781163434903
202,203,816,267,0.753462603878
203,204,812,271,0.749769159741
204,205,858,225,0.792243767313
205,206,822,261,0.759002770083
206,207,857,226,0.791320406279
207,208,792,291,0.731301939058
208,209,830,253,0.766389658356
209,210,754,329,0.69621421976
210,211,824,259,0.760849492151
211,212,837,246,0.772853185596
212,213,801,282,0.739612188366
213,214,803,280,0.741458910434
214,215,813,270,0.750692520776
215,216,815,268,0.752539242844
216,217,753,330,0.695290858726
217,218,709,374,0.654662973223
218,219,572,511,0.528162511542
219,220,806,277,0.744228993536
220,221,801,282,0.739612188366
221,222,688,395,0.635272391505
222,223,758,325,0.699907663897
223,224,740,343,0.683287165282
224,225,798,285,0.736842105263
225,226,773,310,0.713758079409
226,227,739,344,0.682363804247
227,228,711,372,0.656509695291
228,229,881,202,0.813481071099
229,230,774,309,0.714681440443
230,231,757,326,0.698984302862
231,232,849,234,0.783933518006
232,233,797,286,0.735918744229
233,234,868,215,0.801477377655
234,235,781,302,0.721144967682
235,236,725,358,0.669436749769
236,237,667,416,0.615881809788
237,238,689,394,0.636195752539
238,239,770,313,0.710987996307
239,240,754,329,0.69621421976
240,241,712,371,0.657433056325
241,242,784,299,0.723915050785
242,243,777,306,0.717451523546
243,244,800,283,0.738688827331
244,245,706,377,0.65189289012
245,246,812,271,0.749769159741
246,247,753,330,0.695290858726
247,248,720,363,0.664819944598
248,249,776,307,0.716528162512
249,250,748,335,0.690674053555
250,251,758,325,0.699907663897
251,252,807,276,0.745152354571
252,253,834,249,0.770083102493
253,254,898,185,0.82917820868
254,255,736,347,0.679593721145
255,256,759,324,0.700831024931
256,257,821,262,0.758079409049
257,258,716,367,0.661126500462
258,259,712,371,0.657433056325
259,260,763,320,0.704524469067
260,261,817,266,0.754385964912
261,262,813,270,0.750692520776
262,263,843,240,0.778393351801
263,264,822,261,0.759002770083
264,265,785,298,0.724838411819
265,266,777,306,0.717451523546
266,267,772,311,0.712834718375
267,268,832,251,0.768236380425
268,269,795,288,0.734072022161
269,270,753,330,0.695290858726
270,271,723,360,0.667590027701
271,272,731,352,0.674976915974
272,273,736,347,0.679593721145
273,274,785,298,0.724838411819
274,275,807,276,0.745152354571
275,276,860,223,0.794090489381
276,277,780,303,0.720221606648
277,278,866,217,0.799630655586
278,279,819,264,0.756232686981
279,280,854,229,0.788550323176
280,281,845,238,0.780240073869
281,282,875,208,0.807940904894
282,283,885,198,0.817174515235
283,284,847,236,0.782086795937
284,285,807,276,0.745152354571
285,286,879,204,0.81163434903
286,287,867,216,0.80055401662
287,288,835,248,0.771006463527
288,289,879,204,0.81163434903
289,290,884,199,0.816251154201
290,291,872,211,0.805170821791
291,292,851,232,0.785780240074
292,293,837,246,0.772853185596
293,294,832,251,0.768236380425
294,295,878,205,0.810710987996
295,296,888,195,0.819944598338
296,297,906,177,0.836565096953
297,298,876,207,0.808864265928
298,299,863,220,0.796860572484
299,300,846,237,0.781163434903
300,301,835,248,0.771006463527
301,302,861,222,0.795013850416
302,303,865,218,0.798707294552
303,304,861,222,0.795013850416
304,305,864,219,0.797783933518
305,306,891,192,0.82271468144
306,307,898,185,0.82917820868
307,308,918,165,0.847645429363
308,309,851,232,0.785780240074
309,310,877,206,0.809787626962
310,311,864,219,0.797783933518
311,312,882,201,0.814404432133
312,313,860,223,0.794090489381
313,314,909,174,0.839335180055
314,315,889,194,0.820867959372
315,316,865,218,0.798707294552
316,317,854,229,0.788550323176
317,318,828,255,0.764542936288
318,319,899,184,0.830101569714
319,320,852,231,0.786703601108
320,321,871,212,0.804247460757
321,322,918,165,0.847645429363
322,323,859,224,0.793167128347
323,324,863,220,0.796860572484
324,325,809,274,0.746999076639
325,326,848,235,0.783010156971
326,327,852,231,0.786703601108
327,328,736,347,0.679593721145
328,329,884,199,0.816251154201
329,330,873,210,0.806094182825
330,331,891,192,0.82271468144
331,332,901,182,0.831948291782
332,333,845,238,0.780240073869
333,334,897,186,0.828254847645
334,335,870,213,0.803324099723
335,336,852,231,0.786703601108
336,337,884,199,0.816251154201
337,338,877,206,0.809787626962
338,339,890,193,0.821791320406
339,340,922,161,0.8513388735
340,341,867,216,0.80055401662
341,342,861,222,0.795013850416
342,343,874,209,0.80701754386
343,344,903,180,0.83379501385
344,345,853,230,0.787626962142
345,346,891,192,0.82271468144
346,347,855,228,0.789473684211
347,348,851,232,0.785780240074
348,349,889,194,0.820867959372
349,350,877,206,0.809787626962
350,351,890,193,0.821791320406
351,352,884,199,0.816251154201
352,353,880,203,0.812557710065
353,354,895,188,0.826408125577
354,355,858,225,0.792243767313
355,356,883,200,0.815327793167
356,357,905,178,0.835641735919
357,358,907,176,0.837488457987
358,359,888,195,0.819944598338
359,360,845,238,0.780240073869
360,361,832,251,0.768236380425
361,362,889,194,0.820867959372
362,363,914,169,0.843951985226
363,364,862,221,0.79593721145
364,365,851,232,0.785780240074
365,366,851,232,0.785780240074
366,367,909,174,0.839335180055
367,368,884,199,0.816251154201
368,369,905,178,0.835641735919
369,370,800,283,0.738688827331
370,371,892,191,0.823638042475
371,372,889,194,0.820867959372
372,373,892,191,0.823638042475
373,374,916,167,0.845798707295
374,375,926,157,0.855032317636
375,376,867,216,0.80055401662
376,377,889,194,0.820867959372
377,378,934,149,0.86241920591
378,379,913,170,0.843028624192
379,380,936,147,0.864265927978
380,381,946,137,0.873499538319
381,382,862,221,0.79593721145
382,383,887,196,0.819021237304
383,384,929,154,0.857802400739
384,385,939,144,0.86703601108
385,386,923,160,0.852262234534
386,387,891,192,0.82271468144
387,388,929,154,0.857802400739
388,389,948,135,0.875346260388
389,390,932,151,0.860572483841
390,391,932,151,0.860572483841
391,392,947,136,0.874422899354
392,393,931,152,0.859649122807
393,394,924,159,0.853185595568
394,395,916,167,0.845798707295
395,396,847,236,0.782086795937
396,397,936,147,0.864265927978
397,398,918,165,0.847645429363
398,399,909,174,0.839335180055
