0,1,773,310,0.713758079409
1,2,793,290,0.732225300092
2,3,799,284,0.737765466297
3,4,798,285,0.736842105263
4,5,722,361,0.666666666667
5,6,764,319,0.705447830102
6,7,848,235,0.783010156971
7,8,843,240,0.778393351801
8,9,823,260,0.759926131117
9,10,837,246,0.772853185596
10,11,862,221,0.79593721145
11,12,831,252,0.767313019391
12,13,827,256,0.763619575254
13,14,783,300,0.722991689751
14,15,828,255,0.764542936288
15,16,818,265,0.755309325946
16,17,838,245,0.77377654663
17,18,814,269,0.75161588181
18,19,832,251,0.768236380425
19,20,793,290,0.732225300092
20,21,867,216,0.80055401662
21,22,862,221,0.79593721145
22,23,844,239,0.779316712835
23,24,882,201,0.814404432133
24,25,822,261,0.759002770083
25,26,844,239,0.779316712835
26,27,858,225,0.792243767313
27,28,812,271,0.749769159741
28,29,871,212,0.804247460757
29,30,832,251,0.768236380425
30,31,865,218,0.798707294552
31,32,895,188,0.826408125577
32,33,860,223,0.794090489381
33,34,858,225,0.792243767313
34,35,864,219,0.797783933518
35,36,868,215,0.801477377655
36,37,854,229,0.788550323176
37,38,878,205,0.810710987996
38,39,885,198,0.817174515235
39,40,839,244,0.774699907664
40,41,890,193,0.821791320406
41,42,853,230,0.787626962142
42,43,885,198,0.817174515235
43,44,902,181,0.832871652816
44,45,843,240,0.778393351801
45,46,872,211,0.805170821791
46,47,896,187,0.827331486611
47,48,874,209,0.80701754386
48,49,825,258,0.761772853186
49,50,888,195,0.819944598338
50,51,901,182,0.831948291782
51,52,900,183,0.831024930748
52,53,863,220,0.796860572484
53,54,892,191,0.823638042475
54,55,878,205,0.810710987996
55,56,871,212,0.804247460757
56,57,875,208,0.807940904894
57,58,862,221,0.79593721145
58,59,880,203,0.812557710065
59,60,853,230,0.787626962142
60,61,858,225,0.792243767313
61,62,873,210,0.806094182825
62,63,877,206,0.809787626962
63,64,891,192,0.82271468144
64,65,881,202,0.813481071099
65,66,867,216,0.80055401662
66,67,882,201,0.814404432133
67,68,881,202,0.813481071099
68,69,895,188,0.826408125577
69,70,880,203,0.812557710065
70,71,889,194,0.820867959372
71,72,886,197,0.81809787627
72,73,848,235,0.783010156971
73,74,844,239,0.779316712835
74,75,881,202,0.813481071099
75,76,870,213,0.803324099723
76,77,898,185,0.82917820868
77,78,888,195,0.819944598338
78,79,885,198,0.817174515235
79,80,868,215,0.801477377655
80,81,897,186,0.828254847645
81,82,888,195,0.819944598338
82,83,864,219,0.797783933518
83,84,905,178,0.835641735919
84,85,910,173,0.84025854109
85,86,898,185,0.82917820868
86,87,884,199,0.816251154201
87,88,889,194,0.820867959372
88,89,892,191,0.823638042475
89,90,863,220,0.796860572484
90,91,871,212,0.804247460757
91,92,902,181,0.832871652816
92,93,871,212,0.804247460757
93,94,886,197,0.81809787627
94,95,896,187,0.827331486611
95,96,876,207,0.808864265928
96,97,864,219,0.797783933518
97,98,897,186,0.828254847645
98,99,867,216,0.80055401662
99,100,902,181,0.832871652816
100,101,891,192,0.82271468144
101,102,901,182,0.831948291782
102,103,854,229,0.788550323176
103,104,902,181,0.832871652816
104,105,878,205,0.810710987996
105,106,901,182,0.831948291782
106,107,904,179,0.834718374885
107,108,864,219,0.797783933518
108,109,897,186,0.828254847645
109,110,881,202,0.813481071099
110,111,890,193,0.821791320406
111,112,873,210,0.806094182825
112,113,901,182,0.831948291782
113,114,919,164,0.848568790397
114,115,861,222,0.795013850416
115,116,901,182,0.831948291782
116,117,907,176,0.837488457987
117,118,934,149,0.86241920591
118,119,706,377,0.65189289012
119,120,723,360,0.667590027701
120,121,741,342,0.684210526316
121,122,818,265,0.755309325946
122,123,842,241,0.777469990766
123,124,730,353,0.67405355494
124,125,818,265,0.755309325946
125,126,772,311,0.712834718375
126,127,677,406,0.625115420129
127,128,799,284,0.737765466297
128,129,794,289,0.733148661127
129,130,743,340,0.686057248384
130,131,767,316,0.708217913204
131,132,761,322,0.702677746999
132,133,790,293,0.72945521699
133,134,768,315,0.709141274238
134,135,792,291,0.731301939058
135,136,813,270,0.750692520776
136,137,692,391,0.638965835642
137,138,747,336,0.689750692521
138,139,741,342,0.684210526316
139,140,819,264,0.756232686981
140,141,795,288,0.734072022161
141,142,829,254,0.765466297322
142,143,758,325,0.699907663897
143,144,840,243,0.775623268698
144,145,831,252,0.767313019391
145,146,844,239,0.779316712835
146,147,802,281,0.7405355494
147,148,849,234,0.783933518006
148,149,766,317,0.70729455217
149,150,771,312,0.711911357341
150,151,813,270,0.750692520776
151,152,683,400,0.630655586334
152,153,782,301,0.722068328717
153,154,773,310,0.713758079409
154,155,792,291,0.731301939058
155,156,825,258,0.761772853186
156,157,893,190,0.824561403509
157,158,749,334,0.691597414589
158,159,785,298,0.724838411819
159,160,828,255,0.764542936288
160,161,809,274,0.746999076639
161,162,866,217,0.799630655586
162,163,815,268,0.752539242844
163,164,829,254,0.765466297322
164,165,838,245,0.77377654663
165,166,858,225,0.792243767313
166,167,848,235,0.783010156971
167,168,758,325,0.699907663897
168,169,768,315,0.709141274238
169,170,642,441,0.592797783934
170,171,668,415,0.616805170822
171,172,790,293,0.72945521699
172,173,814,269,0.75161588181
173,174,757,326,0.698984302862
174,175,838,245,0.77377654663
175,176,796,287,0.734995383195
176,177,737,346,0.680517082179
177,178,807,276,0.745152354571
178,179,792,291,0.731301939058
179,180,758,325,0.699907663897
180,181,766,317,0.70729455217
181,182,760,323,0.701754385965
182,183,860,223,0.794090489381
183,184,837,246,0.772853185596
184,185,848,235,0.783010156971
185,186,846,237,0.781163434903
186,187,866,217,0.799630655586
187,188,842,241,0.777469990766
188,189,775,308,0.715604801477
189,190,749,334,0.691597414589
190,191,787,296,0.726685133887
191,192,808,275,0.746075715605
192,193,812,271,0.749769159741
193,194,810,273,0.747922437673
194,195,711,372,0.656509695291
195,196,799,284,0.737765466297
196,197,814,269,0.75161588181
197,198,811,272,0.748845798707
198,199,768,315,0.709141274238
199,200,827,256,0.763619575254
200,201,843,240,0.778393351801
201,202,856,227,0.790397045245
202,203,830,253,0.766389658356
203,204,822,261,0.759002770083
204,205,865,218,0.798707294552
205,206,821,262,0.758079409049
206,207,874,209,0.80701754386
207,208,791,292,0.730378578024
208,209,746,337,0.688827331487
209,210,762,321,0.703601108033
210,211,817,266,0.754385964912
211,212,839,244,0.774699907664
212,213,788,295,0.727608494922
213,214,806,277,0.744228993536
214,215,788,295,0.727608494922
215,216,827,256,0.763619575254
216,217,770,313,0.710987996307
217,218,708,375,0.653739612188
218,219,669,414,0.617728531856
219,220,815,268,0.752539242844
220,221,761,322,0.702677746999
221,222,695,388,0.641735918744
222,223,724,359,0.668513388735
223,224,783,300,0.722991689751
224,225,773,310,0.713758079409
225,226,735,348,0.678670360111
226,227,720,363,0.664819944598
227,228,668,415,0.616805170822
228,229,825,258,0.761772853186
229,230,777,306,0.717451523546
230,231,814,269,0.75161588181
231,232,845,238,0.780240073869
232,233,791,292,0.730378578024
233,234,747,336,0.689750692521
234,235,795,288,0.734072022161
235,236,732,351,0.675900277008
236,237,674,409,0.622345337027
237,238,689,394,0.636195752539
238,239,774,309,0.714681440443
239,240,773,310,0.713758079409
240,241,694,389,0.64081255771
241,242,789,294,0.728531855956
242,243,755,328,0.697137580794
243,244,801,282,0.739612188366
244,245,711,372,0.656509695291
245,246,776,307,0.716528162512
246,247,739,344,0.682363804247
247,248,720,363,0.664819944598
248,249,767,316,0.708217913204
249,250,734,349,0.677746999077
250,251,761,322,0.702677746999
251,252,806,277,0.744228993536
252,253,832,251,0.768236380425
253,254,892,191,0.823638042475
254,255,772,311,0.712834718375
255,256,774,309,0.714681440443
256,257,792,291,0.731301939058
257,258,649,434,0.599261311173
258,259,757,326,0.698984302862
259,260,761,322,0.702677746999
260,261,782,301,0.722068328717
261,262,792,291,0.731301939058
262,263,826,257,0.76269621422
263,264,819,264,0.756232686981
264,265,806,277,0.744228993536
265,266,755,328,0.697137580794
266,267,760,323,0.701754385965
267,268,827,256,0.763619575254
268,269,824,259,0.760849492151
269,270,748,335,0.690674053555
270,271,711,372,0.656509695291
271,272,737,346,0.680517082179
272,273,752,331,0.694367497692
273,274,796,287,0.734995383195
274,275,784,299,0.723915050785
275,276,858,225,0.792243767313
276,277,800,283,0.738688827331
277,278,868,215,0.801477377655
278,279,860,223,0.794090489381
279,280,814,269,0.75161588181
280,281,837,246,0.772853185596
281,282,809,274,0.746999076639
282,283,868,215,0.801477377655
283,284,842,241,0.777469990766
284,285,845,238,0.780240073869
285,286,859,224,0.793167128347
286,287,863,220,0.796860572484
287,288,823,260,0.759926131117
288,289,882,201,0.814404432133
289,290,912,171,0.842105263158
290,291,866,217,0.799630655586
291,292,849,234,0.783933518006
292,293,838,245,0.77377654663
293,294,853,230,0.787626962142
294,295,878,205,0.810710987996
295,296,882,201,0.814404432133
296,297,893,190,0.824561403509
297,298,846,237,0.781163434903
298,299,855,228,0.789473684211
299,300,871,212,0.804247460757
300,301,802,281,0.7405355494
301,302,865,218,0.798707294552
302,303,822,261,0.759002770083
303,304,835,248,0.771006463527
304,305,872,211,0.805170821791
305,306,886,197,0.81809787627
306,307,878,205,0.810710987996
307,308,888,195,0.819944598338
308,309,843,240,0.778393351801
309,310,845,238,0.780240073869
310,311,885,198,0.817174515235
311,312,881,202,0.813481071099
312,313,868,215,0.801477377655
313,314,846,237,0.781163434903
314,315,896,187,0.827331486611
315,316,862,221,0.79593721145
316,317,863,220,0.796860572484
317,318,830,253,0.766389658356
318,319,900,183,0.831024930748
319,320,853,230,0.787626962142
320,321,847,236,0.782086795937
321,322,902,181,0.832871652816
322,323,858,225,0.792243767313
323,324,852,231,0.786703601108
324,325,832,251,0.768236380425
325,326,828,255,0.764542936288
326,327,833,250,0.769159741459
327,328,729,354,0.673130193906
328,329,879,204,0.81163434903
329,330,854,229,0.788550323176
330,331,883,200,0.815327793167
331,332,883,200,0.815327793167
332,333,866,217,0.799630655586
333,334,862,221,0.79593721145
334,335,852,231,0.786703601108
335,336,847,236,0.782086795937
336,337,895,188,0.826408125577
337,338,854,229,0.788550323176
338,339,899,184,0.830101569714
339,340,899,184,0.830101569714
340,341,856,227,0.790397045245
341,342,862,221,0.79593721145
342,343,889,194,0.820867959372
343,344,887,196,0.819021237304
344,345,873,210,0.806094182825
345,346,893,190,0.824561403509
346,347,879,204,0.81163434903
347,348,870,213,0.803324099723
348,349,873,210,0.806094182825
349,350,883,200,0.815327793167
350,351,885,198,0.817174515235
351,352,895,188,0.826408125577
352,353,880,203,0.812557710065
353,354,915,168,0.84487534626
354,355,854,229,0.788550323176
355,356,879,204,0.81163434903
356,357,887,196,0.819021237304
357,358,884,199,0.816251154201
358,359,880,203,0.812557710065
359,360,904,179,0.834718374885
360,361,851,232,0.785780240074
361,362,892,191,0.823638042475
362,363,887,196,0.819021237304
363,364,887,196,0.819021237304
364,365,843,240,0.778393351801
365,366,852,231,0.786703601108
366,367,855,228,0.789473684211
367,368,885,198,0.817174515235
368,369,888,195,0.819944598338
369,370,872,211,0.805170821791
370,371,880,203,0.812557710065
371,372,885,198,0.817174515235
372,373,890,193,0.821791320406
373,374,874,209,0.80701754386
374,375,923,160,0.852262234534
375,376,817,266,0.754385964912
376,377,852,231,0.786703601108
377,378,920,163,0.849492151431
378,379,930,153,0.858725761773
379,380,933,150,0.861495844875
380,381,934,149,0.86241920591
381,382,880,203,0.812557710065
382,383,872,211,0.805170821791
383,384,906,177,0.836565096953
384,385,910,173,0.84025854109
385,386,914,169,0.843951985226
386,387,899,184,0.830101569714
387,388,916,167,0.845798707295
388,389,958,125,0.884579870729
389,390,905,178,0.835641735919
390,391,920,163,0.849492151431
391,392,925,158,0.854108956602
392,393,907,176,0.837488457987
393,394,913,170,0.843028624192
394,395,898,185,0.82917820868
395,396,893,190,0.824561403509
396,397,917,166,0.846722068329
397,398,889,194,0.820867959372
398,399,918,165,0.847645429363
