0,1,782,301,0.722068328717
1,2,756,327,0.698060941828
2,3,800,283,0.738688827331
3,4,795,288,0.734072022161
4,5,807,276,0.745152354571
5,6,789,294,0.728531855956
6,7,830,253,0.766389658356
7,8,830,253,0.766389658356
8,9,819,264,0.756232686981
9,10,818,265,0.755309325946
10,11,819,264,0.756232686981
11,12,843,240,0.778393351801
12,13,811,272,0.748845798707
13,14,783,300,0.722991689751
14,15,808,275,0.746075715605
15,16,826,257,0.76269621422
16,17,835,248,0.771006463527
17,18,803,280,0.741458910434
18,19,832,251,0.768236380425
19,20,878,205,0.810710987996
20,21,838,245,0.77377654663
21,22,882,201,0.814404432133
22,23,844,239,0.779316712835
23,24,886,197,0.81809787627
24,25,827,256,0.763619575254
25,26,840,243,0.775623268698
26,27,865,218,0.798707294552
27,28,872,211,0.805170821791
28,29,845,238,0.780240073869
29,30,835,248,0.771006463527
30,31,861,222,0.795013850416
31,32,865,218,0.798707294552
32,33,862,221,0.79593721145
33,34,852,231,0.786703601108
34,35,855,228,0.789473684211
35,36,841,242,0.776546629732
36,37,888,195,0.819944598338
37,38,868,215,0.801477377655
38,39,885,198,0.817174515235
39,40,876,207,0.808864265928
40,41,865,218,0.798707294552
41,42,825,258,0.761772853186
42,43,894,189,0.825484764543
43,44,902,181,0.832871652816
44,45,829,254,0.765466297322
45,46,882,201,0.814404432133
46,47,901,182,0.831948291782
47,48,873,210,0.806094182825
48,49,844,239,0.779316712835
49,50,900,183,0.831024930748
50,51,882,201,0.814404432133
51,52,900,183,0.831024930748
52,53,886,197,0.81809787627
53,54,875,208,0.807940904894
54,55,876,207,0.808864265928
55,56,880,203,0.812557710065
56,57,884,199,0.816251154201
57,58,884,199,0.816251154201
58,59,902,181,0.832871652816
59,60,857,226,0.791320406279
60,61,888,195,0.819944598338
61,62,866,217,0.799630655586
62,63,825,258,0.761772853186
63,64,880,203,0.812557710065
64,65,886,197,0.81809787627
65,66,884,199,0.816251154201
66,67,900,183,0.831024930748
67,68,876,207,0.808864265928
68,69,895,188,0.826408125577
69,70,904,179,0.834718374885
70,71,890,193,0.821791320406
71,72,902,181,0.832871652816
72,73,858,225,0.792243767313
73,74,849,234,0.783933518006
74,75,880,203,0.812557710065
75,76,802,281,0.7405355494
76,77,886,197,0.81809787627
77,78,887,196,0.819021237304
78,79,911,172,0.841181902124
79,80,854,229,0.788550323176
80,81,897,186,0.828254847645
81,82,885,198,0.817174515235
82,83,889,194,0.820867959372
83,84,902,181,0.832871652816
84,85,899,184,0.830101569714
85,86,893,190,0.824561403509
86,87,903,180,0.83379501385
87,88,899,184,0.830101569714
88,89,907,176,0.837488457987
89,90,871,212,0.804247460757
90,91,881,202,0.813481071099
91,92,906,177,0.836565096953
92,93,879,204,0.81163434903
93,94,901,182,0.831948291782
94,95,912,171,0.842105263158
95,96,900,183,0.831024930748
96,97,865,218,0.798707294552
97,98,904,179,0.834718374885
98,99,881,202,0.813481071099
99,100,901,182,0.831948291782
100,101,910,173,0.84025854109
101,102,913,170,0.843028624192
102,103,873,210,0.806094182825
103,104,900,183,0.831024930748
104,105,893,190,0.824561403509
105,106,913,170,0.843028624192
106,107,903,180,0.83379501385
107,108,862,221,0.79593721145
108,109,913,170,0.843028624192
109,110,901,182,0.831948291782
110,111,925,158,0.854108956602
111,112,895,188,0.826408125577
112,113,887,196,0.819021237304
113,114,925,158,0.854108956602
114,115,882,201,0.814404432133
115,116,924,159,0.853185595568
116,117,894,189,0.825484764543
117,118,959,124,0.885503231764
118,119,704,379,0.650046168052
119,120,702,381,0.648199445983
120,121,762,321,0.703601108033
121,122,830,253,0.766389658356
122,123,826,257,0.76269621422
123,124,704,379,0.650046168052
124,125,827,256,0.763619575254
125,126,809,274,0.746999076639
126,127,690,393,0.637119113573
127,128,809,274,0.746999076639
128,129,785,298,0.724838411819
129,130,764,319,0.705447830102
130,131,782,301,0.722068328717
131,132,746,337,0.688827331487
132,133,791,292,0.730378578024
133,134,798,285,0.736842105263
134,135,756,327,0.698060941828
135,136,775,308,0.715604801477
136,137,678,405,0.626038781163
137,138,728,355,0.672206832872
138,139,754,329,0.69621421976
139,140,822,261,0.759002770083
140,141,811,272,0.748845798707
141,142,799,284,0.737765466297
142,143,740,343,0.683287165282
143,144,852,231,0.786703601108
144,145,840,243,0.775623268698
145,146,861,222,0.795013850416
146,147,836,247,0.771929824561
147,148,857,226,0.791320406279
148,149,763,320,0.704524469067
149,150,800,283,0.738688827331
150,151,828,255,0.764542936288
151,152,722,361,0.666666666667
152,153,791,292,0.730378578024
153,154,764,319,0.705447830102
154,155,859,224,0.793167128347
155,156,844,239,0.779316712835
156,157,880,203,0.812557710065
157,158,745,338,0.687903970452
158,159,781,302,0.721144967682
159,160,844,239,0.779316712835
160,161,724,359,0.668513388735
161,162,867,216,0.80055401662
162,163,823,260,0.759926131117
163,164,875,208,0.807940904894
164,165,852,231,0.786703601108
165,166,846,237,0.781163434903
166,167,860,223,0.794090489381
167,168,794,289,0.733148661127
168,169,779,304,0.719298245614
169,170,646,437,0.59649122807
170,171,675,408,0.623268698061
171,172,817,266,0.754385964912
172,173,853,230,0.787626962142
173,174,776,307,0.716528162512
174,175,816,267,0.753462603878
175,176,809,274,0.746999076639
176,177,759,324,0.700831024931
177,178,827,256,0.763619575254
178,179,793,290,0.732225300092
179,180,778,305,0.71837488458
180,181,800,283,0.738688827331
181,182,779,304,0.719298245614
182,183,860,223,0.794090489381
183,184,835,248,0.771006463527
184,185,867,216,0.80055401662
185,186,828,255,0.764542936288
186,187,859,224,0.793167128347
187,188,848,235,0.783010156971
188,189,797,286,0.735918744229
189,190,791,292,0.730378578024
190,191,800,283,0.738688827331
191,192,802,281,0.7405355494
192,193,824,259,0.760849492151
193,194,832,251,0.768236380425
194,195,782,301,0.722068328717
195,196,813,270,0.750692520776
196,197,827,256,0.763619575254
197,198,808,275,0.746075715605
198,199,809,274,0.746999076639
199,200,844,239,0.779316712835
200,201,854,229,0.788550323176
201,202,848,235,0.783010156971
202,203,814,269,0.75161588181
203,204,824,259,0.760849492151
204,205,829,254,0.765466297322
205,206,799,284,0.737765466297
206,207,842,241,0.777469990766
207,208,740,343,0.683287165282
208,209,756,327,0.698060941828
209,210,748,335,0.690674053555
210,211,819,264,0.756232686981
211,212,807,276,0.745152354571
212,213,772,311,0.712834718375
213,214,775,308,0.715604801477
214,215,829,254,0.765466297322
215,216,812,271,0.749769159741
216,217,729,354,0.673130193906
217,218,701,382,0.647276084949
218,219,609,474,0.562326869806
219,220,797,286,0.735918744229
220,221,802,281,0.7405355494
221,222,662,421,0.611265004617
222,223,717,366,0.662049861496
223,224,722,361,0.666666666667
224,225,777,306,0.717451523546
225,226,733,350,0.676823638042
226,227,714,369,0.659279778393
227,228,716,367,0.661126500462
228,229,848,235,0.783010156971
229,230,766,317,0.70729455217
230,231,799,284,0.737765466297
231,232,857,226,0.791320406279
232,233,801,282,0.739612188366
233,234,853,230,0.787626962142
234,235,811,272,0.748845798707
235,236,748,335,0.690674053555
236,237,629,454,0.580794090489
237,238,705,378,0.650969529086
238,239,761,322,0.702677746999
239,240,753,330,0.695290858726
240,241,704,379,0.650046168052
241,242,795,288,0.734072022161
242,243,778,305,0.71837488458
243,244,793,290,0.732225300092
244,245,716,367,0.661126500462
245,246,793,290,0.732225300092
246,247,770,313,0.710987996307
247,248,720,363,0.664819944598
248,249,804,279,0.742382271468
249,250,734,349,0.677746999077
250,251,779,304,0.719298245614
251,252,783,300,0.722991689751
252,253,839,244,0.774699907664
253,254,823,260,0.759926131117
254,255,759,324,0.700831024931
255,256,729,354,0.673130193906
256,257,806,277,0.744228993536
257,258,639,444,0.590027700831
258,259,795,288,0.734072022161
259,260,780,303,0.720221606648
260,261,818,265,0.755309325946
261,262,779,304,0.719298245614
262,263,826,257,0.76269621422
263,264,809,274,0.746999076639
264,265,795,288,0.734072022161
265,266,767,316,0.708217913204
266,267,749,334,0.691597414589
267,268,805,278,0.743305632502
268,269,815,268,0.752539242844
269,270,783,300,0.722991689751
270,271,730,353,0.67405355494
271,272,717,366,0.662049861496
272,273,791,292,0.730378578024
273,274,784,299,0.723915050785
274,275,823,260,0.759926131117
275,276,865,218,0.798707294552
276,277,756,327,0.698060941828
277,278,880,203,0.812557710065
278,279,864,219,0.797783933518
279,280,813,270,0.750692520776
280,281,844,239,0.779316712835
281,282,886,197,0.81809787627
282,283,883,200,0.815327793167
283,284,839,244,0.774699907664
284,285,844,239,0.779316712835
285,286,878,205,0.810710987996
286,287,865,218,0.798707294552
287,288,843,240,0.778393351801
288,289,838,245,0.77377654663
289,290,878,205,0.810710987996
290,291,872,211,0.805170821791
291,292,870,213,0.803324099723
292,293,820,263,0.757156048015
293,294,857,226,0.791320406279
294,295,887,196,0.819021237304
295,296,887,196,0.819021237304
296,297,869,214,0.802400738689
297,298,881,202,0.813481071099
298,299,855,228,0.789473684211
299,300,857,226,0.791320406279
300,301,807,276,0.745152354571
301,302,855,228,0.789473684211
302,303,849,234,0.783933518006
303,304,832,251,0.768236380425
304,305,815,268,0.752539242844
305,306,858,225,0.792243767313
306,307,876,207,0.808864265928
307,308,901,182,0.831948291782
308,309,807,276,0.745152354571
309,310,857,226,0.791320406279
310,311,893,190,0.824561403509
311,312,831,252,0.767313019391
312,313,859,224,0.793167128347
313,314,904,179,0.834718374885
314,315,851,232,0.785780240074
315,316,860,223,0.794090489381
316,317,837,246,0.772853185596
317,318,864,219,0.797783933518
318,319,893,190,0.824561403509
319,320,861,222,0.795013850416
320,321,872,211,0.805170821791
321,322,901,182,0.831948291782
322,323,845,238,0.780240073869
323,324,863,220,0.796860572484
324,325,808,275,0.746075715605
325,326,846,237,0.781163434903
326,327,833,250,0.769159741459
327,328,746,337,0.688827331487
328,329,874,209,0.80701754386
329,330,842,241,0.777469990766
330,331,872,211,0.805170821791
331,332,904,179,0.834718374885
332,333,872,211,0.805170821791
333,334,901,182,0.831948291782
334,335,853,230,0.787626962142
335,336,850,233,0.78485687904
336,337,886,197,0.81809787627
337,338,871,212,0.804247460757
338,339,884,199,0.816251154201
339,340,922,161,0.8513388735
340,341,878,205,0.810710987996
341,342,852,231,0.786703601108
342,343,890,193,0.821791320406
343,344,877,206,0.809787626962
344,345,864,219,0.797783933518
345,346,868,215,0.801477377655
346,347,820,263,0.757156048015
347,348,845,238,0.780240073869
348,349,868,215,0.801477377655
349,350,854,229,0.788550323176
350,351,899,184,0.830101569714
351,352,904,179,0.834718374885
352,353,855,228,0.789473684211
353,354,908,175,0.838411819021
354,355,849,234,0.783933518006
355,356,808,275,0.746075715605
356,357,915,168,0.84487534626
357,358,890,193,0.821791320406
358,359,864,219,0.797783933518
359,360,899,184,0.830101569714
360,361,803,280,0.741458910434
361,362,900,183,0.831024930748
362,363,890,193,0.821791320406
363,364,853,230,0.787626962142
364,365,804,279,0.742382271468
365,366,828,255,0.764542936288
366,367,887,196,0.819021237304
367,368,889,194,0.820867959372
368,369,880,203,0.812557710065
369,370,846,237,0.781163434903
370,371,906,177,0.836565096953
371,372,882,201,0.814404432133
372,373,862,221,0.79593721145
373,374,898,185,0.82917820868
374,375,914,169,0.843951985226
375,376,878,205,0.810710987996
376,377,880,203,0.812557710065
377,378,914,169,0.843951985226
378,379,918,165,0.847645429363
379,380,930,153,0.858725761773
380,381,946,137,0.873499538319
381,382,861,222,0.795013850416
382,383,894,189,0.825484764543
383,384,909,174,0.839335180055
384,385,922,161,0.8513388735
385,386,913,170,0.843028624192
386,387,901,182,0.831948291782
387,388,934,149,0.86241920591
388,389,914,169,0.843951985226
389,390,908,175,0.838411819021
390,391,932,151,0.860572483841
391,392,935,148,0.863342566944
392,393,900,183,0.831024930748
393,394,932,151,0.860572483841
394,395,909,174,0.839335180055
395,396,884,199,0.816251154201
396,397,918,165,0.847645429363
397,398,898,185,0.82917820868
398,399,895,188,0.826408125577
