0,1,776,307,0.716528162512
1,2,748,335,0.690674053555
2,3,734,349,0.677746999077
3,4,804,279,0.742382271468
4,5,788,295,0.727608494922
5,6,811,272,0.748845798707
6,7,811,272,0.748845798707
7,8,808,275,0.746075715605
8,9,740,343,0.683287165282
9,10,814,269,0.75161588181
10,11,878,205,0.810710987996
11,12,859,224,0.793167128347
12,13,818,265,0.755309325946
13,14,809,274,0.746999076639
14,15,800,283,0.738688827331
15,16,828,255,0.764542936288
16,17,852,231,0.786703601108
17,18,846,237,0.781163434903
18,19,812,271,0.749769159741
19,20,782,301,0.722068328717
20,21,847,236,0.782086795937
21,22,892,191,0.823638042475
22,23,854,229,0.788550323176
23,24,854,229,0.788550323176
24,25,835,248,0.771006463527
25,26,860,223,0.794090489381
26,27,885,198,0.817174515235
27,28,859,224,0.793167128347
28,29,864,219,0.797783933518
29,30,798,285,0.736842105263
30,31,875,208,0.807940904894
31,32,904,179,0.834718374885
32,33,866,217,0.799630655586
33,34,841,242,0.776546629732
34,35,861,222,0.795013850416
35,36,872,211,0.805170821791
36,37,883,200,0.815327793167
37,38,857,226,0.791320406279
38,39,889,194,0.820867959372
39,40,882,201,0.814404432133
40,41,877,206,0.809787626962
41,42,861,222,0.795013850416
42,43,888,195,0.819944598338
43,44,870,213,0.803324099723
44,45,847,236,0.782086795937
45,46,885,198,0.817174515235
46,47,904,179,0.834718374885
47,48,880,203,0.812557710065
48,49,840,243,0.775623268698
49,50,899,184,0.830101569714
50,51,871,212,0.804247460757
51,52,877,206,0.809787626962
52,53,867,216,0.80055401662
53,54,852,231,0.786703601108
54,55,883,200,0.815327793167
55,56,866,217,0.799630655586
56,57,876,207,0.808864265928
57,58,872,211,0.805170821791
58,59,890,193,0.821791320406
59,60,841,242,0.776546629732
60,61,877,206,0.809787626962
61,62,882,201,0.814404432133
62,63,821,262,0.758079409049
63,64,877,206,0.809787626962
64,65,886,197,0.81809787627
65,66,875,208,0.807940904894
66,67,889,194,0.820867959372
67,68,890,193,0.821791320406
68,69,867,216,0.80055401662
69,70,883,200,0.815327793167
70,71,931,152,0.859649122807
71,72,867,216,0.80055401662
72,73,871,212,0.804247460757
73,74,822,261,0.759002770083
74,75,885,198,0.817174515235
75,76,859,224,0.793167128347
76,77,878,205,0.810710987996
77,78,867,216,0.80055401662
78,79,876,207,0.808864265928
79,80,878,205,0.810710987996
80,81,875,208,0.807940904894
81,82,853,230,0.787626962142
82,83,902,181,0.832871652816
83,84,894,189,0.825484764543
84,85,895,188,0.826408125577
85,86,874,209,0.80701754386
86,87,863,220,0.796860572484
87,88,890,193,0.821791320406
88,89,894,189,0.825484764543
89,90,882,201,0.814404432133
90,91,888,195,0.819944598338
91,92,896,187,0.827331486611
92,93,846,237,0.781163434903
93,94,896,187,0.827331486611
94,95,904,179,0.834718374885
95,96,870,213,0.803324099723
96,97,866,217,0.799630655586
97,98,902,181,0.832871652816
98,99,860,223,0.794090489381
99,100,884,199,0.816251154201
100,101,908,175,0.838411819021
101,102,874,209,0.80701754386
102,103,864,219,0.797783933518
103,104,908,175,0.838411819021
104,105,899,184,0.830101569714
105,106,908,175,0.838411819021
106,107,899,184,0.830101569714
107,108,860,223,0.794090489381
108,109,871,212,0.804247460757
109,110,875,208,0.807940904894
110,111,907,176,0.837488457987
111,112,862,221,0.79593721145
112,113,904,179,0.834718374885
113,114,919,164,0.848568790397
114,115,866,217,0.799630655586
115,116,900,183,0.831024930748
116,117,900,183,0.831024930748
117,118,933,150,0.861495844875
118,119,672,411,0.620498614958
119,120,680,403,0.627885503232
120,121,733,350,0.676823638042
121,122,832,251,0.768236380425
122,123,857,226,0.791320406279
123,124,697,386,0.643582640813
124,125,810,273,0.747922437673
125,126,802,281,0.7405355494
126,127,661,422,0.610341643583
127,128,763,320,0.704524469067
128,129,826,257,0.76269621422
129,130,750,333,0.692520775623
130,131,742,341,0.68513388735
131,132,744,339,0.686980609418
132,133,790,293,0.72945521699
133,134,786,297,0.725761772853
134,135,741,342,0.684210526316
135,136,757,326,0.698984302862
136,137,703,380,0.649122807018
137,138,720,363,0.664819944598
138,139,742,341,0.68513388735
139,140,802,281,0.7405355494
140,141,784,299,0.723915050785
141,142,797,286,0.735918744229
142,143,777,306,0.717451523546
143,144,832,251,0.768236380425
144,145,826,257,0.76269621422
145,146,849,234,0.783933518006
146,147,824,259,0.760849492151
147,148,844,239,0.779316712835
148,149,767,316,0.708217913204
149,150,764,319,0.705447830102
150,151,811,272,0.748845798707
151,152,705,378,0.650969529086
152,153,778,305,0.71837488458
153,154,774,309,0.714681440443
154,155,855,228,0.789473684211
155,156,792,291,0.731301939058
156,157,878,205,0.810710987996
157,158,754,329,0.69621421976
158,159,772,311,0.712834718375
159,160,852,231,0.786703601108
160,161,845,238,0.780240073869
161,162,869,214,0.802400738689
162,163,832,251,0.768236380425
163,164,873,210,0.806094182825
164,165,862,221,0.79593721145
165,166,847,236,0.782086795937
166,167,861,222,0.795013850416
167,168,777,306,0.717451523546
168,169,808,275,0.746075715605
169,170,572,511,0.528162511542
170,171,678,405,0.626038781163
171,172,832,251,0.768236380425
172,173,816,267,0.753462603878
173,174,744,339,0.686980609418
174,175,788,295,0.727608494922
175,176,805,278,0.743305632502
176,177,776,307,0.716528162512
177,178,819,264,0.756232686981
178,179,770,313,0.710987996307
179,180,770,313,0.710987996307
180,181,839,244,0.774699907664
181,182,747,336,0.689750692521
182,183,819,264,0.756232686981
183,184,838,245,0.77377654663
184,185,844,239,0.779316712835
185,186,807,276,0.745152354571
186,187,837,246,0.772853185596
187,188,846,237,0.781163434903
188,189,804,279,0.742382271468
189,190,774,309,0.714681440443
190,191,793,290,0.732225300092
191,192,797,286,0.735918744229
192,193,814,269,0.75161588181
193,194,805,278,0.743305632502
194,195,811,272,0.748845798707
195,196,790,293,0.72945521699
196,197,818,265,0.755309325946
197,198,801,282,0.739612188366
198,199,806,277,0.744228993536
199,200,787,296,0.726685133887
200,201,835,248,0.771006463527
201,202,838,245,0.77377654663
202,203,782,301,0.722068328717
203,204,745,338,0.687903970452
204,205,865,218,0.798707294552
205,206,808,275,0.746075715605
206,207,847,236,0.782086795937
207,208,756,327,0.698060941828
208,209,844,239,0.779316712835
209,210,786,297,0.725761772853
210,211,797,286,0.735918744229
211,212,810,273,0.747922437673
212,213,780,303,0.720221606648
213,214,809,274,0.746999076639
214,215,825,258,0.761772853186
215,216,849,234,0.783933518006
216,217,774,309,0.714681440443
217,218,722,361,0.666666666667
218,219,639,444,0.590027700831
219,220,855,228,0.789473684211
220,221,799,284,0.737765466297
221,222,679,404,0.626962142198
222,223,739,344,0.682363804247
223,224,738,345,0.681440443213
224,225,769,314,0.710064635272
225,226,755,328,0.697137580794
226,227,716,367,0.661126500462
227,228,720,363,0.664819944598
228,229,878,205,0.810710987996
229,230,755,328,0.697137580794
230,231,812,271,0.749769159741
231,232,849,234,0.783933518006
232,233,795,288,0.734072022161
233,234,832,251,0.768236380425
234,235,778,305,0.71837488458
235,236,724,359,0.668513388735
236,237,630,453,0.581717451524
237,238,701,382,0.647276084949
238,239,772,311,0.712834718375
239,240,738,345,0.681440443213
240,241,706,377,0.65189289012
241,242,781,302,0.721144967682
242,243,753,330,0.695290858726
243,244,827,256,0.763619575254
244,245,741,342,0.684210526316
245,246,831,252,0.767313019391
246,247,754,329,0.69621421976
247,248,738,345,0.681440443213
248,249,780,303,0.720221606648
249,250,706,377,0.65189289012
250,251,776,307,0.716528162512
251,252,799,284,0.737765466297
252,253,834,249,0.770083102493
253,254,854,229,0.788550323176
254,255,723,360,0.667590027701
255,256,786,297,0.725761772853
256,257,785,298,0.724838411819
257,258,732,351,0.675900277008
258,259,716,367,0.661126500462
259,260,783,300,0.722991689751
260,261,807,276,0.745152354571
261,262,786,297,0.725761772853
262,263,825,258,0.761772853186
263,264,788,295,0.727608494922
264,265,775,308,0.715604801477
265,266,785,298,0.724838411819
266,267,717,366,0.662049861496
267,268,804,279,0.742382271468
268,269,803,280,0.741458910434
269,270,762,321,0.703601108033
270,271,697,386,0.643582640813
271,272,730,353,0.67405355494
272,273,808,275,0.746075715605
273,274,800,283,0.738688827331
274,275,814,269,0.75161588181
275,276,857,226,0.791320406279
276,277,806,277,0.744228993536
277,278,861,222,0.795013850416
278,279,849,234,0.783933518006
279,280,850,233,0.78485687904
280,281,819,264,0.756232686981
281,282,836,247,0.771929824561
282,283,902,181,0.832871652816
283,284,852,231,0.786703601108
284,285,845,238,0.780240073869
285,286,895,188,0.826408125577
286,287,896,187,0.827331486611
287,288,834,249,0.770083102493
288,289,853,230,0.787626962142
289,290,894,189,0.825484764543
290,291,873,210,0.806094182825
291,292,835,248,0.771006463527
292,293,869,214,0.802400738689
293,294,850,233,0.78485687904
294,295,875,208,0.807940904894
295,296,888,195,0.819944598338
296,297,897,186,0.828254847645
297,298,873,210,0.806094182825
298,299,871,212,0.804247460757
299,300,849,234,0.783933518006
300,301,834,249,0.770083102493
301,302,850,233,0.78485687904
302,303,857,226,0.791320406279
303,304,863,220,0.796860572484
304,305,862,221,0.79593721145
305,306,914,169,0.843951985226
306,307,909,174,0.839335180055
307,308,910,173,0.84025854109
308,309,857,226,0.791320406279
309,310,847,236,0.782086795937
310,311,898,185,0.82917820868
311,312,869,214,0.802400738689
312,313,880,203,0.812557710065
313,314,920,163,0.849492151431
314,315,882,201,0.814404432133
315,316,860,223,0.794090489381
316,317,868,215,0.801477377655
317,318,848,235,0.783010156971
318,319,902,181,0.832871652816
319,320,848,235,0.783010156971
320,321,869,214,0.802400738689
321,322,903,180,0.83379501385
322,323,832,251,0.768236380425
323,324,856,227,0.790397045245
324,325,840,243,0.775623268698
325,326,852,231,0.786703601108
326,327,847,236,0.782086795937
327,328,747,336,0.689750692521
328,329,858,225,0.792243767313
329,330,848,235,0.783010156971
330,331,883,200,0.815327793167
331,332,883,200,0.815327793167
332,333,890,193,0.821791320406
333,334,899,184,0.830101569714
334,335,858,225,0.792243767313
335,336,850,233,0.78485687904
336,337,888,195,0.819944598338
337,338,847,236,0.782086795937
338,339,874,209,0.80701754386
339,340,918,165,0.847645429363
340,341,874,209,0.80701754386
341,342,878,205,0.810710987996
342,343,891,192,0.82271468144
343,344,866,217,0.799630655586
344,345,876,207,0.808864265928
345,346,890,193,0.821791320406
346,347,879,204,0.81163434903
347,348,873,210,0.806094182825
348,349,840,243,0.775623268698
349,350,892,191,0.823638042475
350,351,912,171,0.842105263158
351,352,893,190,0.824561403509
352,353,876,207,0.808864265928
353,354,928,155,0.856879039705
354,355,853,230,0.787626962142
355,356,876,207,0.808864265928
356,357,890,193,0.821791320406
357,358,890,193,0.821791320406
358,359,878,205,0.810710987996
359,360,907,176,0.837488457987
360,361,823,260,0.759926131117
361,362,874,209,0.80701754386
362,363,898,185,0.82917820868
363,364,889,194,0.820867959372
364,365,836,247,0.771929824561
365,366,867,216,0.80055401662
366,367,881,202,0.813481071099
367,368,890,193,0.821791320406
368,369,895,188,0.826408125577
369,370,868,215,0.801477377655
370,371,908,175,0.838411819021
371,372,889,194,0.820867959372
372,373,879,204,0.81163434903
373,374,911,172,0.841181902124
374,375,926,157,0.855032317636
375,376,890,193,0.821791320406
376,377,896,187,0.827331486611
377,378,919,164,0.848568790397
378,379,933,150,0.861495844875
379,380,938,145,0.866112650046
380,381,947,136,0.874422899354
381,382,897,186,0.828254847645
382,383,896,187,0.827331486611
383,384,914,169,0.843951985226
384,385,933,150,0.861495844875
385,386,910,173,0.84025854109
386,387,891,192,0.82271468144
387,388,924,159,0.853185595568
388,389,956,127,0.882733148661
389,390,909,174,0.839335180055
390,391,934,149,0.86241920591
391,392,928,155,0.856879039705
392,393,889,194,0.820867959372
393,394,919,164,0.848568790397
394,395,891,192,0.82271468144
395,396,877,206,0.809787626962
396,397,912,171,0.842105263158
397,398,881,202,0.813481071099
398,399,914,169,0.843951985226
