0,1,754,329,0.69621421976
1,2,722,361,0.666666666667
2,3,753,330,0.695290858726
3,4,803,280,0.741458910434
4,5,796,287,0.734995383195
5,6,821,262,0.758079409049
6,7,862,221,0.79593721145
7,8,814,269,0.75161588181
8,9,797,286,0.735918744229
9,10,844,239,0.779316712835
10,11,862,221,0.79593721145
11,12,853,230,0.787626962142
12,13,829,254,0.765466297322
13,14,792,291,0.731301939058
14,15,816,267,0.753462603878
15,16,822,261,0.759002770083
16,17,858,225,0.792243767313
17,18,842,241,0.777469990766
18,19,846,237,0.781163434903
19,20,906,177,0.836565096953
20,21,814,269,0.75161588181
21,22,902,181,0.832871652816
22,23,853,230,0.787626962142
23,24,837,246,0.772853185596
24,25,841,242,0.776546629732
25,26,848,235,0.783010156971
26,27,883,200,0.815327793167
27,28,881,202,0.813481071099
28,29,869,214,0.802400738689
29,30,830,253,0.766389658356
30,31,867,216,0.80055401662
31,32,860,223,0.794090489381
32,33,859,224,0.793167128347
33,34,861,222,0.795013850416
34,35,869,214,0.802400738689
35,36,859,224,0.793167128347
36,37,873,210,0.806094182825
37,38,872,211,0.805170821791
38,39,856,227,0.790397045245
39,40,865,218,0.798707294552
40,41,867,216,0.80055401662
41,42,845,238,0.780240073869
42,43,888,195,0.819944598338
43,44,858,225,0.792243767313
44,45,848,235,0.783010156971
45,46,860,223,0.794090489381
46,47,921,162,0.850415512465
47,48,904,179,0.834718374885
48,49,830,253,0.766389658356
49,50,871,212,0.804247460757
50,51,892,191,0.823638042475
51,52,884,199,0.816251154201
52,53,853,230,0.787626962142
53,54,864,219,0.797783933518
54,55,888,195,0.819944598338
55,56,834,249,0.770083102493
56,57,861,222,0.795013850416
57,58,853,230,0.787626962142
58,59,873,210,0.806094182825
59,60,851,232,0.785780240074
60,61,883,200,0.815327793167
61,62,884,199,0.816251154201
62,63,862,221,0.79593721145
63,64,883,200,0.815327793167
64,65,876,207,0.808864265928
65,66,873,210,0.806094182825
66,67,909,174,0.839335180055
67,68,876,207,0.808864265928
68,69,892,191,0.823638042475
69,70,875,208,0.807940904894
70,71,895,188,0.826408125577
71,72,891,192,0.82271468144
72,73,868,215,0.801477377655
73,74,861,222,0.795013850416
74,75,880,203,0.812557710065
75,76,880,203,0.812557710065
76,77,894,189,0.825484764543
77,78,884,199,0.816251154201
78,79,888,195,0.819944598338
79,80,876,207,0.808864265928
80,81,899,184,0.830101569714
81,82,850,233,0.78485687904
82,83,881,202,0.813481071099
83,84,894,189,0.825484764543
84,85,884,199,0.816251154201
85,86,883,200,0.815327793167
86,87,873,210,0.806094182825
87,88,896,187,0.827331486611
88,89,900,183,0.831024930748
89,90,863,220,0.796860572484
90,91,875,208,0.807940904894
91,92,880,203,0.812557710065
92,93,840,243,0.775623268698
93,94,900,183,0.831024930748
94,95,912,171,0.842105263158
95,96,873,210,0.806094182825
96,97,885,198,0.817174515235
97,98,909,174,0.839335180055
98,99,879,204,0.81163434903
99,100,897,186,0.828254847645
100,101,905,178,0.835641735919
101,102,902,181,0.832871652816
102,103,863,220,0.796860572484
103,104,890,193,0.821791320406
104,105,873,210,0.806094182825
105,106,904,179,0.834718374885
106,107,896,187,0.827331486611
107,108,840,243,0.775623268698
108,109,906,177,0.836565096953
109,110,874,209,0.80701754386
110,111,899,184,0.830101569714
111,112,880,203,0.812557710065
112,113,895,188,0.826408125577
113,114,913,170,0.843028624192
114,115,860,223,0.794090489381
115,116,884,199,0.816251154201
116,117,886,197,0.81809787627
117,118,930,153,0.858725761773
118,119,693,390,0.639889196676
119,120,717,366,0.662049861496
120,121,751,332,0.693444136657
121,122,819,264,0.756232686981
122,123,820,263,0.757156048015
123,124,668,415,0.616805170822
124,125,827,256,0.763619575254
125,126,791,292,0.730378578024
126,127,684,399,0.631578947368
127,128,806,277,0.744228993536
128,129,814,269,0.75161588181
129,130,744,339,0.686980609418
130,131,781,302,0.721144967682
131,132,782,301,0.722068328717
132,133,834,249,0.770083102493
133,134,774,309,0.714681440443
134,135,749,334,0.691597414589
135,136,744,339,0.686980609418
136,137,697,386,0.643582640813
137,138,734,349,0.677746999077
138,139,725,358,0.669436749769
139,140,824,259,0.760849492151
140,141,801,282,0.739612188366
141,142,800,283,0.738688827331
142,143,735,348,0.678670360111
143,144,826,257,0.76269621422
144,145,813,270,0.750692520776
145,146,842,241,0.777469990766
146,147,827,256,0.763619575254
147,148,847,236,0.782086795937
148,149,770,313,0.710987996307
149,150,781,302,0.721144967682
150,151,816,267,0.753462603878
151,152,710,373,0.655586334257
152,153,776,307,0.716528162512
153,154,744,339,0.686980609418
154,155,824,259,0.760849492151
155,156,839,244,0.774699907664
156,157,884,199,0.816251154201
157,158,759,324,0.700831024931
158,159,757,326,0.698984302862
159,160,821,262,0.758079409049
160,161,804,279,0.742382271468
161,162,863,220,0.796860572484
162,163,833,250,0.769159741459
163,164,852,231,0.786703601108
164,165,859,224,0.793167128347
165,166,849,234,0.783933518006
166,167,848,235,0.783010156971
167,168,784,299,0.723915050785
168,169,736,347,0.679593721145
169,170,639,444,0.590027700831
170,171,640,443,0.590951061865
171,172,808,275,0.746075715605
172,173,845,238,0.780240073869
173,174,797,286,0.735918744229
174,175,830,253,0.766389658356
175,176,792,291,0.731301939058
176,177,739,344,0.682363804247
177,178,793,290,0.732225300092
178,179,750,333,0.692520775623
179,180,774,309,0.714681440443
180,181,858,225,0.792243767313
181,182,750,333,0.692520775623
182,183,851,232,0.785780240074
183,184,845,238,0.780240073869
184,185,871,212,0.804247460757
185,186,866,217,0.799630655586
186,187,858,225,0.792243767313
187,188,841,242,0.776546629732
188,189,798,285,0.736842105263
189,190,753,330,0.695290858726
190,191,789,294,0.728531855956
191,192,794,289,0.733148661127
192,193,816,267,0.753462603878
193,194,806,277,0.744228993536
194,195,780,303,0.720221606648
195,196,820,263,0.757156048015
196,197,827,256,0.763619575254
197,198,785,298,0.724838411819
198,199,828,255,0.764542936288
199,200,852,231,0.786703601108
200,201,852,231,0.786703601108
201,202,852,231,0.786703601108
202,203,833,250,0.769159741459
203,204,834,249,0.770083102493
204,205,867,216,0.80055401662
205,206,822,261,0.759002770083
206,207,876,207,0.808864265928
207,208,776,307,0.716528162512
208,209,811,272,0.748845798707
209,210,763,320,0.704524469067
210,211,823,260,0.759926131117
211,212,838,245,0.77377654663
212,213,786,297,0.725761772853
213,214,725,358,0.669436749769
214,215,795,288,0.734072022161
215,216,836,247,0.771929824561
216,217,744,339,0.686980609418
217,218,704,379,0.650046168052
218,219,610,473,0.56325023084
219,220,824,259,0.760849492151
220,221,800,283,0.738688827331
221,222,649,434,0.599261311173
222,223,745,338,0.687903970452
223,224,685,398,0.632502308403
224,225,791,292,0.730378578024
225,226,741,342,0.684210526316
226,227,702,381,0.648199445983
227,228,714,369,0.659279778393
228,229,877,206,0.809787626962
229,230,777,306,0.717451523546
230,231,808,275,0.746075715605
231,232,823,260,0.759926131117
232,233,781,302,0.721144967682
233,234,836,247,0.771929824561
234,235,808,275,0.746075715605
235,236,759,324,0.700831024931
236,237,647,436,0.597414589104
237,238,683,400,0.630655586334
238,239,743,340,0.686057248384
239,240,777,306,0.717451523546
240,241,717,366,0.662049861496
241,242,786,297,0.725761772853
242,243,784,299,0.723915050785
243,244,832,251,0.768236380425
244,245,728,355,0.672206832872
245,246,819,264,0.756232686981
246,247,780,303,0.720221606648
247,248,717,366,0.662049861496
248,249,801,282,0.739612188366
249,250,756,327,0.698060941828
250,251,789,294,0.728531855956
251,252,797,286,0.735918744229
252,253,845,238,0.780240073869
253,254,900,183,0.831024930748
254,255,780,303,0.720221606648
255,256,760,323,0.701754385965
256,257,771,312,0.711911357341
257,258,729,354,0.673130193906
258,259,804,279,0.742382271468
259,260,772,311,0.712834718375
260,261,824,259,0.760849492151
261,262,786,297,0.725761772853
262,263,757,326,0.698984302862
263,264,823,260,0.759926131117
264,265,791,292,0.730378578024
265,266,785,298,0.724838411819
266,267,796,287,0.734995383195
267,268,827,256,0.763619575254
268,269,814,269,0.75161588181
269,270,760,323,0.701754385965
270,271,666,417,0.614958448753
271,272,742,341,0.68513388735
272,273,737,346,0.680517082179
273,274,772,311,0.712834718375
274,275,804,279,0.742382271468
275,276,842,241,0.777469990766
276,277,782,301,0.722068328717
277,278,873,210,0.806094182825
278,279,849,234,0.783933518006
279,280,858,225,0.792243767313
280,281,856,227,0.790397045245
281,282,882,201,0.814404432133
282,283,904,179,0.834718374885
283,284,866,217,0.799630655586
284,285,849,234,0.783933518006
285,286,896,187,0.827331486611
286,287,885,198,0.817174515235
287,288,821,262,0.758079409049
288,289,847,236,0.782086795937
289,290,896,187,0.827331486611
290,291,882,201,0.814404432133
291,292,876,207,0.808864265928
292,293,865,218,0.798707294552
293,294,873,210,0.806094182825
294,295,860,223,0.794090489381
295,296,892,191,0.823638042475
296,297,892,191,0.823638042475
297,298,877,206,0.809787626962
298,299,857,226,0.791320406279
299,300,865,218,0.798707294552
300,301,806,277,0.744228993536
301,302,855,228,0.789473684211
302,303,864,219,0.797783933518
303,304,858,225,0.792243767313
304,305,885,198,0.817174515235
305,306,887,196,0.819021237304
306,307,903,180,0.83379501385
307,308,907,176,0.837488457987
308,309,872,211,0.805170821791
309,310,852,231,0.786703601108
310,311,883,200,0.815327793167
311,312,881,202,0.813481071099
312,313,908,175,0.838411819021
313,314,922,161,0.8513388735
314,315,903,180,0.83379501385
315,316,874,209,0.80701754386
316,317,854,229,0.788550323176
317,318,862,221,0.79593721145
318,319,886,197,0.81809787627
319,320,855,228,0.789473684211
320,321,875,208,0.807940904894
321,322,912,171,0.842105263158
322,323,856,227,0.790397045245
323,324,886,197,0.81809787627
324,325,845,238,0.780240073869
325,326,855,228,0.789473684211
326,327,851,232,0.785780240074
327,328,737,346,0.680517082179
328,329,880,203,0.812557710065
329,330,865,218,0.798707294552
330,331,882,201,0.814404432133
331,332,910,173,0.84025854109
332,333,883,200,0.815327793167
333,334,889,194,0.820867959372
334,335,835,248,0.771006463527
335,336,865,218,0.798707294552
336,337,885,198,0.817174515235
337,338,875,208,0.807940904894
338,339,870,213,0.803324099723
339,340,911,172,0.841181902124
340,341,875,208,0.807940904894
341,342,886,197,0.81809787627
342,343,892,191,0.823638042475
343,344,881,202,0.813481071099
344,345,892,191,0.823638042475
345,346,892,191,0.823638042475
346,347,892,191,0.823638042475
347,348,868,215,0.801477377655
348,349,887,196,0.819021237304
349,350,884,199,0.816251154201
350,351,916,167,0.845798707295
351,352,858,225,0.792243767313
352,353,888,195,0.819944598338
353,354,911,172,0.841181902124
354,355,859,224,0.793167128347
355,356,890,193,0.821791320406
356,357,914,169,0.843951985226
357,358,901,182,0.831948291782
358,359,889,194,0.820867959372
359,360,891,192,0.82271468144
360,361,860,223,0.794090489381
361,362,889,194,0.820867959372
362,363,891,192,0.82271468144
363,364,882,201,0.814404432133
364,365,848,235,0.783010156971
365,366,871,212,0.804247460757
366,367,910,173,0.84025854109
367,368,914,169,0.843951985226
368,369,898,185,0.82917820868
369,370,872,211,0.805170821791
370,371,897,186,0.828254847645
371,372,897,186,0.828254847645
372,373,913,170,0.843028624192
373,374,915,168,0.84487534626
374,375,926,157,0.855032317636
375,376,880,203,0.812557710065
376,377,892,191,0.823638042475
377,378,923,160,0.852262234534
378,379,913,170,0.843028624192
379,380,944,139,0.871652816251
380,381,945,138,0.872576177285
381,382,891,192,0.82271468144
382,383,900,183,0.831024930748
383,384,911,172,0.841181902124
384,385,906,177,0.836565096953
385,386,893,190,0.824561403509
386,387,907,176,0.837488457987
387,388,922,161,0.8513388735
388,389,956,127,0.882733148661
389,390,905,178,0.835641735919
390,391,931,152,0.859649122807
391,392,923,160,0.852262234534
392,393,910,173,0.84025854109
393,394,919,164,0.848568790397
394,395,892,191,0.823638042475
395,396,880,203,0.812557710065
396,397,920,163,0.849492151431
397,398,906,177,0.836565096953
398,399,912,171,0.842105263158
