0,1,800,283,0.738688827331
1,2,727,356,0.671283471837
2,3,780,303,0.720221606648
3,4,758,325,0.699907663897
4,5,777,306,0.717451523546
5,6,823,260,0.759926131117
6,7,838,245,0.77377654663
7,8,853,230,0.787626962142
8,9,827,256,0.763619575254
9,10,847,236,0.782086795937
10,11,847,236,0.782086795937
11,12,842,241,0.777469990766
12,13,831,252,0.767313019391
13,14,774,309,0.714681440443
14,15,839,244,0.774699907664
15,16,825,258,0.761772853186
16,17,824,259,0.760849492151
17,18,846,237,0.781163434903
18,19,777,306,0.717451523546
19,20,902,181,0.832871652816
20,21,858,225,0.792243767313
21,22,885,198,0.817174515235
22,23,864,219,0.797783933518
23,24,858,225,0.792243767313
24,25,833,250,0.769159741459
25,26,851,232,0.785780240074
26,27,894,189,0.825484764543
27,28,861,222,0.795013850416
28,29,862,221,0.79593721145
29,30,837,246,0.772853185596
30,31,873,210,0.806094182825
31,32,911,172,0.841181902124
32,33,850,233,0.78485687904
33,34,858,225,0.792243767313
34,35,854,229,0.788550323176
35,36,815,268,0.752539242844
36,37,882,201,0.814404432133
37,38,872,211,0.805170821791
38,39,905,178,0.835641735919
39,40,841,242,0.776546629732
40,41,890,193,0.821791320406
41,42,856,227,0.790397045245
42,43,895,188,0.826408125577
43,44,888,195,0.819944598338
44,45,838,245,0.77377654663
45,46,864,219,0.797783933518
46,47,897,186,0.828254847645
47,48,878,205,0.810710987996
48,49,809,274,0.746999076639
49,50,870,213,0.803324099723
50,51,881,202,0.813481071099
51,52,895,188,0.826408125577
52,53,868,215,0.801477377655
53,54,877,206,0.809787626962
54,55,887,196,0.819021237304
55,56,882,201,0.814404432133
56,57,884,199,0.816251154201
57,58,876,207,0.808864265928
58,59,895,188,0.826408125577
59,60,848,235,0.783010156971
60,61,870,213,0.803324099723
61,62,889,194,0.820867959372
62,63,824,259,0.760849492151
63,64,878,205,0.810710987996
64,65,881,202,0.813481071099
65,66,883,200,0.815327793167
66,67,901,182,0.831948291782
67,68,878,205,0.810710987996
68,69,877,206,0.809787626962
69,70,888,195,0.819944598338
70,71,895,188,0.826408125577
71,72,883,200,0.815327793167
72,73,857,226,0.791320406279
73,74,860,223,0.794090489381
74,75,892,191,0.823638042475
75,76,861,222,0.795013850416
76,77,866,217,0.799630655586
77,78,884,199,0.816251154201
78,79,889,194,0.820867959372
79,80,860,223,0.794090489381
80,81,893,190,0.824561403509
81,82,880,203,0.812557710065
82,83,881,202,0.813481071099
83,84,906,177,0.836565096953
84,85,910,173,0.84025854109
85,86,887,196,0.819021237304
86,87,889,194,0.820867959372
87,88,900,183,0.831024930748
88,89,893,190,0.824561403509
89,90,875,208,0.807940904894
90,91,870,213,0.803324099723
91,92,886,197,0.81809787627
92,93,878,205,0.810710987996
93,94,892,191,0.823638042475
94,95,906,177,0.836565096953
95,96,850,233,0.78485687904
96,97,862,221,0.79593721145
97,98,898,185,0.82917820868
98,99,872,211,0.805170821791
99,100,903,180,0.83379501385
100,101,913,170,0.843028624192
101,102,897,186,0.828254847645
102,103,857,226,0.791320406279
103,104,892,191,0.823638042475
104,105,878,205,0.810710987996
105,106,897,186,0.828254847645
106,107,910,173,0.84025854109
107,108,872,211,0.805170821791
108,109,906,177,0.836565096953
109,110,874,209,0.80701754386
110,111,894,189,0.825484764543
111,112,879,204,0.81163434903
112,113,897,186,0.828254847645
113,114,919,164,0.848568790397
114,115,860,223,0.794090489381
115,116,913,170,0.843028624192
116,117,890,193,0.821791320406
117,118,913,170,0.843028624192
118,119,702,381,0.648199445983
119,120,696,387,0.642659279778
120,121,772,311,0.712834718375
121,122,781,302,0.721144967682
122,123,845,238,0.780240073869
123,124,730,353,0.67405355494
124,125,832,251,0.768236380425
125,126,799,284,0.737765466297
126,127,703,380,0.649122807018
127,128,799,284,0.737765466297
128,129,784,299,0.723915050785
129,130,754,329,0.69621421976
130,131,738,345,0.681440443213
131,132,755,328,0.697137580794
132,133,831,252,0.767313019391
133,134,780,303,0.720221606648
134,135,741,342,0.684210526316
135,136,793,290,0.732225300092
136,137,662,421,0.611265004617
137,138,769,314,0.710064635272
138,139,761,322,0.702677746999
139,140,832,251,0.768236380425
140,141,829,254,0.765466297322
141,142,815,268,0.752539242844
142,143,756,327,0.698060941828
143,144,832,251,0.768236380425
144,145,803,280,0.741458910434
145,146,843,240,0.778393351801
146,147,812,271,0.749769159741
147,148,816,267,0.753462603878
148,149,747,336,0.689750692521
149,150,756,327,0.698060941828
150,151,810,273,0.747922437673
151,152,698,385,0.644506001847
152,153,801,282,0.739612188366
153,154,770,313,0.710987996307
154,155,879,204,0.81163434903
155,156,814,269,0.75161588181
156,157,872,211,0.805170821791
157,158,770,313,0.710987996307
158,159,776,307,0.716528162512
159,160,865,218,0.798707294552
160,161,829,254,0.765466297322
161,162,865,218,0.798707294552
162,163,820,263,0.757156048015
163,164,871,212,0.804247460757
164,165,866,217,0.799630655586
165,166,863,220,0.796860572484
166,167,847,236,0.782086795937
167,168,780,303,0.720221606648
168,169,792,291,0.731301939058
169,170,659,424,0.608494921514
170,171,668,415,0.616805170822
171,172,819,264,0.756232686981
172,173,839,244,0.774699907664
173,174,777,306,0.717451523546
174,175,786,297,0.725761772853
175,176,793,290,0.732225300092
176,177,777,306,0.717451523546
177,178,809,274,0.746999076639
178,179,806,277,0.744228993536
179,180,794,289,0.733148661127
180,181,865,218,0.798707294552
181,182,786,297,0.725761772853
182,183,870,213,0.803324099723
183,184,863,220,0.796860572484
184,185,867,216,0.80055401662
185,186,818,265,0.755309325946
186,187,859,224,0.793167128347
187,188,842,241,0.777469990766
188,189,823,260,0.759926131117
189,190,768,315,0.709141274238
190,191,798,285,0.736842105263
191,192,793,290,0.732225300092
192,193,801,282,0.739612188366
193,194,823,260,0.759926131117
194,195,769,314,0.710064635272
195,196,802,281,0.7405355494
196,197,824,259,0.760849492151
197,198,803,280,0.741458910434
198,199,802,281,0.7405355494
199,200,832,251,0.768236380425
200,201,846,237,0.781163434903
201,202,840,243,0.775623268698
202,203,806,277,0.744228993536
203,204,831,252,0.767313019391
204,205,861,222,0.795013850416
205,206,825,258,0.761772853186
206,207,866,217,0.799630655586
207,208,755,328,0.697137580794
208,209,808,275,0.746075715605
209,210,780,303,0.720221606648
210,211,838,245,0.77377654663
211,212,799,284,0.737765466297
212,213,761,322,0.702677746999
213,214,804,279,0.742382271468
214,215,823,260,0.759926131117
215,216,820,263,0.757156048015
216,217,764,319,0.705447830102
217,218,715,368,0.660203139428
218,219,648,435,0.598337950139
219,220,847,236,0.782086795937
220,221,788,295,0.727608494922
221,222,700,383,0.646352723915
222,223,761,322,0.702677746999
223,224,739,344,0.682363804247
224,225,782,301,0.722068328717
225,226,737,346,0.680517082179
226,227,730,353,0.67405355494
227,228,681,402,0.628808864266
228,229,883,200,0.815327793167
229,230,776,307,0.716528162512
230,231,819,264,0.756232686981
231,232,828,255,0.764542936288
232,233,798,285,0.736842105263
233,234,840,243,0.775623268698
234,235,769,314,0.710064635272
235,236,742,341,0.68513388735
236,237,611,472,0.564173591874
237,238,704,379,0.650046168052
238,239,735,348,0.678670360111
239,240,771,312,0.711911357341
240,241,721,362,0.665743305633
241,242,799,284,0.737765466297
242,243,789,294,0.728531855956
243,244,817,266,0.754385964912
244,245,727,356,0.671283471837
245,246,799,284,0.737765466297
246,247,756,327,0.698060941828
247,248,714,369,0.659279778393
248,249,779,304,0.719298245614
249,250,732,351,0.675900277008
250,251,738,345,0.681440443213
251,252,794,289,0.733148661127
252,253,824,259,0.760849492151
253,254,889,194,0.820867959372
254,255,765,318,0.706371191136
255,256,734,349,0.677746999077
256,257,814,269,0.75161588181
257,258,670,413,0.61865189289
258,259,785,298,0.724838411819
259,260,774,309,0.714681440443
260,261,799,284,0.737765466297
261,262,764,319,0.705447830102
262,263,864,219,0.797783933518
263,264,811,272,0.748845798707
264,265,762,321,0.703601108033
265,266,776,307,0.716528162512
266,267,793,290,0.732225300092
267,268,812,271,0.749769159741
268,269,834,249,0.770083102493
269,270,786,297,0.725761772853
270,271,726,357,0.670360110803
271,272,711,372,0.656509695291
272,273,773,310,0.713758079409
273,274,779,304,0.719298245614
274,275,782,301,0.722068328717
275,276,849,234,0.783933518006
276,277,786,297,0.725761772853
277,278,862,221,0.79593721145
278,279,814,269,0.75161588181
279,280,841,242,0.776546629732
280,281,836,247,0.771929824561
281,282,862,221,0.79593721145
282,283,888,195,0.819944598338
283,284,841,242,0.776546629732
284,285,842,241,0.777469990766
285,286,887,196,0.819021237304
286,287,875,208,0.807940904894
287,288,842,241,0.777469990766
288,289,843,240,0.778393351801
289,290,888,195,0.819944598338
290,291,872,211,0.805170821791
291,292,862,221,0.79593721145
292,293,853,230,0.787626962142
293,294,870,213,0.803324099723
294,295,878,205,0.810710987996
295,296,887,196,0.819021237304
296,297,884,199,0.816251154201
297,298,871,212,0.804247460757
298,299,862,221,0.79593721145
299,300,850,233,0.78485687904
300,301,840,243,0.775623268698
301,302,842,241,0.777469990766
302,303,856,227,0.790397045245
303,304,838,245,0.77377654663
304,305,864,219,0.797783933518
305,306,874,209,0.80701754386
306,307,882,201,0.814404432133
307,308,913,170,0.843028624192
308,309,877,206,0.809787626962
309,310,846,237,0.781163434903
310,311,857,226,0.791320406279
311,312,863,220,0.796860572484
312,313,893,190,0.824561403509
313,314,907,176,0.837488457987
314,315,886,197,0.81809787627
315,316,847,236,0.782086795937
316,317,873,210,0.806094182825
317,318,850,233,0.78485687904
318,319,884,199,0.816251154201
319,320,864,219,0.797783933518
320,321,874,209,0.80701754386
321,322,907,176,0.837488457987
322,323,848,235,0.783010156971
323,324,881,202,0.813481071099
324,325,837,246,0.772853185596
325,326,838,245,0.77377654663
326,327,820,263,0.757156048015
327,328,735,348,0.678670360111
328,329,872,211,0.805170821791
329,330,860,223,0.794090489381
330,331,872,211,0.805170821791
331,332,904,179,0.834718374885
332,333,889,194,0.820867959372
333,334,895,188,0.826408125577
334,335,856,227,0.790397045245
335,336,862,221,0.79593721145
336,337,890,193,0.821791320406
337,338,854,229,0.788550323176
338,339,900,183,0.831024930748
339,340,912,171,0.842105263158
340,341,852,231,0.786703601108
341,342,867,216,0.80055401662
342,343,889,194,0.820867959372
343,344,880,203,0.812557710065
344,345,868,215,0.801477377655
345,346,865,218,0.798707294552
346,347,873,210,0.806094182825
347,348,851,232,0.785780240074
348,349,883,200,0.815327793167
349,350,889,194,0.820867959372
350,351,917,166,0.846722068329
351,352,900,183,0.831024930748
352,353,885,198,0.817174515235
353,354,913,170,0.843028624192
354,355,844,239,0.779316712835
355,356,883,200,0.815327793167
356,357,910,173,0.84025854109
357,358,907,176,0.837488457987
358,359,873,210,0.806094182825
359,360,887,196,0.819021237304
360,361,844,239,0.779316712835
361,362,883,200,0.815327793167
362,363,906,177,0.836565096953
363,364,878,205,0.810710987996
364,365,854,229,0.788550323176
365,366,858,225,0.792243767313
366,367,888,195,0.819944598338
367,368,883,200,0.815327793167
368,369,890,193,0.821791320406
369,370,866,217,0.799630655586
370,371,896,187,0.827331486611
371,372,888,195,0.819944598338
372,373,911,172,0.841181902124
373,374,907,176,0.837488457987
374,375,895,188,0.826408125577
375,376,881,202,0.813481071099
376,377,882,201,0.814404432133
377,378,918,165,0.847645429363
378,379,936,147,0.864265927978
379,380,929,154,0.857802400739
380,381,926,157,0.855032317636
381,382,894,189,0.825484764543
382,383,894,189,0.825484764543
383,384,903,180,0.83379501385
384,385,910,173,0.84025854109
385,386,922,161,0.8513388735
386,387,881,202,0.813481071099
387,388,906,177,0.836565096953
388,389,950,133,0.877192982456
389,390,911,172,0.841181902124
390,391,929,154,0.857802400739
391,392,940,143,0.867959372114
392,393,905,178,0.835641735919
393,394,927,156,0.85595567867
394,395,893,190,0.824561403509
395,396,893,190,0.824561403509
396,397,920,163,0.849492151431
397,398,900,183,0.831024930748
398,399,912,171,0.842105263158
