0,1,746,337,0.688827331487
1,2,756,327,0.698060941828
2,3,730,353,0.67405355494
3,4,828,255,0.764542936288
4,5,777,306,0.717451523546
5,6,816,267,0.753462603878
6,7,802,281,0.7405355494
7,8,859,224,0.793167128347
8,9,811,272,0.748845798707
9,10,823,260,0.759926131117
10,11,808,275,0.746075715605
11,12,812,271,0.749769159741
12,13,806,277,0.744228993536
13,14,776,307,0.716528162512
14,15,808,275,0.746075715605
15,16,826,257,0.76269621422
16,17,813,270,0.750692520776
17,18,844,239,0.779316712835
18,19,839,244,0.774699907664
19,20,884,199,0.816251154201
20,21,816,267,0.753462603878
21,22,865,218,0.798707294552
22,23,838,245,0.77377654663
23,24,849,234,0.783933518006
24,25,839,244,0.774699907664
25,26,825,258,0.761772853186
26,27,869,214,0.802400738689
27,28,869,214,0.802400738689
28,29,870,213,0.803324099723
29,30,818,265,0.755309325946
30,31,873,210,0.806094182825
31,32,901,182,0.831948291782
32,33,855,228,0.789473684211
33,34,820,263,0.757156048015
34,35,859,224,0.793167128347
35,36,860,223,0.794090489381
36,37,874,209,0.80701754386
37,38,879,204,0.81163434903
38,39,902,181,0.832871652816
39,40,866,217,0.799630655586
40,41,896,187,0.827331486611
41,42,851,232,0.785780240074
42,43,887,196,0.819021237304
43,44,874,209,0.80701754386
44,45,844,239,0.779316712835
45,46,857,226,0.791320406279
46,47,906,177,0.836565096953
47,48,873,210,0.806094182825
48,49,840,243,0.775623268698
49,50,894,189,0.825484764543
50,51,871,212,0.804247460757
51,52,892,191,0.823638042475
52,53,867,216,0.80055401662
53,54,851,232,0.785780240074
54,55,867,216,0.80055401662
55,56,889,194,0.820867959372
56,57,869,214,0.802400738689
57,58,851,232,0.785780240074
58,59,858,225,0.792243767313
59,60,861,222,0.795013850416
60,61,870,213,0.803324099723
61,62,864,219,0.797783933518
62,63,854,229,0.788550323176
63,64,891,192,0.82271468144
64,65,885,198,0.817174515235
65,66,858,225,0.792243767313
66,67,894,189,0.825484764543
67,68,892,191,0.823638042475
68,69,889,194,0.820867959372
69,70,874,209,0.80701754386
70,71,907,176,0.837488457987
71,72,894,189,0.825484764543
72,73,801,282,0.739612188366
73,74,856,227,0.790397045245
74,75,884,199,0.816251154201
75,76,865,218,0.798707294552
76,77,848,235,0.783010156971
77,78,863,220,0.796860572484
78,79,888,195,0.819944598338
79,80,842,241,0.777469990766
80,81,896,187,0.827331486611
81,82,882,201,0.814404432133
82,83,884,199,0.816251154201
83,84,874,209,0.80701754386
84,85,914,169,0.843951985226
85,86,890,193,0.821791320406
86,87,886,197,0.81809787627
87,88,896,187,0.827331486611
88,89,916,167,0.845798707295
89,90,821,262,0.758079409049
90,91,874,209,0.80701754386
91,92,867,216,0.80055401662
92,93,884,199,0.816251154201
93,94,865,218,0.798707294552
94,95,906,177,0.836565096953
95,96,882,201,0.814404432133
96,97,873,210,0.806094182825
97,98,885,198,0.817174515235
98,99,877,206,0.809787626962
99,100,847,236,0.782086795937
100,101,860,223,0.794090489381
101,102,910,173,0.84025854109
102,103,861,222,0.795013850416
103,104,891,192,0.82271468144
104,105,871,212,0.804247460757
105,106,872,211,0.805170821791
106,107,877,206,0.809787626962
107,108,861,222,0.795013850416
108,109,876,207,0.808864265928
109,110,857,226,0.791320406279
110,111,901,182,0.831948291782
111,112,867,216,0.80055401662
112,113,877,206,0.809787626962
113,114,918,165,0.847645429363
114,115,858,225,0.792243767313
115,116,877,206,0.809787626962
116,117,878,205,0.810710987996
117,118,926,157,0.855032317636
118,119,675,408,0.623268698061
119,120,721,362,0.665743305633
120,121,776,307,0.716528162512
121,122,788,295,0.727608494922
122,123,853,230,0.787626962142
123,124,680,403,0.627885503232
124,125,835,248,0.771006463527
125,126,784,299,0.723915050785
126,127,639,444,0.590027700831
127,128,777,306,0.717451523546
128,129,799,284,0.737765466297
129,130,658,425,0.60757156048
130,131,775,308,0.715604801477
131,132,756,327,0.698060941828
132,133,821,262,0.758079409049
133,134,801,282,0.739612188366
134,135,767,316,0.708217913204
135,136,793,290,0.732225300092
136,137,653,430,0.602954755309
137,138,724,359,0.668513388735
138,139,729,354,0.673130193906
139,140,809,274,0.746999076639
140,141,807,276,0.745152354571
141,142,803,280,0.741458910434
142,143,774,309,0.714681440443
143,144,836,247,0.771929824561
144,145,837,246,0.772853185596
145,146,864,219,0.797783933518
146,147,843,240,0.778393351801
147,148,822,261,0.759002770083
148,149,788,295,0.727608494922
149,150,787,296,0.726685133887
150,151,817,266,0.754385964912
151,152,722,361,0.666666666667
152,153,765,318,0.706371191136
153,154,760,323,0.701754385965
154,155,851,232,0.785780240074
155,156,788,295,0.727608494922
156,157,882,201,0.814404432133
157,158,747,336,0.689750692521
158,159,777,306,0.717451523546
159,160,851,232,0.785780240074
160,161,830,253,0.766389658356
161,162,865,218,0.798707294552
162,163,829,254,0.765466297322
163,164,854,229,0.788550323176
164,165,865,218,0.798707294552
165,166,865,218,0.798707294552
166,167,829,254,0.765466297322
167,168,772,311,0.712834718375
168,169,734,349,0.677746999077
169,170,608,475,0.561403508772
170,171,645,438,0.595567867036
171,172,795,288,0.734072022161
172,173,837,246,0.772853185596
173,174,766,317,0.70729455217
174,175,815,268,0.752539242844
175,176,752,331,0.694367497692
176,177,721,362,0.665743305633
177,178,808,275,0.746075715605
178,179,756,327,0.698060941828
179,180,771,312,0.711911357341
180,181,837,246,0.772853185596
181,182,734,349,0.677746999077
182,183,852,231,0.786703601108
183,184,848,235,0.783010156971
184,185,863,220,0.796860572484
185,186,855,228,0.789473684211
186,187,860,223,0.794090489381
187,188,842,241,0.777469990766
188,189,798,285,0.736842105263
189,190,768,315,0.709141274238
190,191,791,292,0.730378578024
191,192,780,303,0.720221606648
192,193,792,291,0.731301939058
193,194,801,282,0.739612188366
194,195,710,373,0.655586334257
195,196,802,281,0.7405355494
196,197,810,273,0.747922437673
197,198,792,291,0.731301939058
198,199,814,269,0.75161588181
199,200,851,232,0.785780240074
200,201,855,228,0.789473684211
201,202,827,256,0.763619575254
202,203,802,281,0.7405355494
203,204,828,255,0.764542936288
204,205,865,218,0.798707294552
205,206,827,256,0.763619575254
206,207,860,223,0.794090489381
207,208,789,294,0.728531855956
208,209,862,221,0.79593721145
209,210,757,326,0.698984302862
210,211,809,274,0.746999076639
211,212,780,303,0.720221606648
212,213,735,348,0.678670360111
213,214,812,271,0.749769159741
214,215,823,260,0.759926131117
215,216,823,260,0.759926131117
216,217,766,317,0.70729455217
217,218,685,398,0.632502308403
218,219,558,525,0.515235457064
219,220,808,275,0.746075715605
220,221,800,283,0.738688827331
221,222,660,423,0.609418282548
222,223,755,328,0.697137580794
223,224,716,367,0.661126500462
224,225,788,295,0.727608494922
225,226,751,332,0.693444136657
226,227,721,362,0.665743305633
227,228,682,401,0.6297322253
228,229,874,209,0.80701754386
229,230,768,315,0.709141274238
230,231,802,281,0.7405355494
231,232,835,248,0.771006463527
232,233,804,279,0.742382271468
233,234,823,260,0.759926131117
234,235,784,299,0.723915050785
235,236,756,327,0.698060941828
236,237,640,443,0.590951061865
237,238,756,327,0.698060941828
238,239,774,309,0.714681440443
239,240,762,321,0.703601108033
240,241,713,370,0.658356417359
241,242,799,284,0.737765466297
242,243,786,297,0.725761772853
243,244,820,263,0.757156048015
244,245,682,401,0.6297322253
245,246,793,290,0.732225300092
246,247,745,338,0.687903970452
247,248,727,356,0.671283471837
248,249,806,277,0.744228993536
249,250,742,341,0.68513388735
250,251,770,313,0.710987996307
251,252,792,291,0.731301939058
252,253,832,251,0.768236380425
253,254,885,198,0.817174515235
254,255,768,315,0.709141274238
255,256,742,341,0.68513388735
256,257,788,295,0.727608494922
257,258,726,357,0.670360110803
258,259,757,326,0.698984302862
259,260,757,326,0.698984302862
260,261,803,280,0.741458910434
261,262,828,255,0.764542936288
262,263,828,255,0.764542936288
263,264,807,276,0.745152354571
264,265,812,271,0.749769159741
265,266,792,291,0.731301939058
266,267,765,318,0.706371191136
267,268,838,245,0.77377654663
268,269,800,283,0.738688827331
269,270,736,347,0.679593721145
270,271,707,376,0.652816251154
271,272,767,316,0.708217913204
272,273,776,307,0.716528162512
273,274,800,283,0.738688827331
274,275,775,308,0.715604801477
275,276,840,243,0.775623268698
276,277,804,279,0.742382271468
277,278,858,225,0.792243767313
278,279,846,237,0.781163434903
279,280,842,241,0.777469990766
280,281,842,241,0.777469990766
281,282,860,223,0.794090489381
282,283,895,188,0.826408125577
283,284,851,232,0.785780240074
284,285,868,215,0.801477377655
285,286,892,191,0.823638042475
286,287,864,219,0.797783933518
287,288,856,227,0.790397045245
288,289,864,219,0.797783933518
289,290,898,185,0.82917820868
290,291,868,215,0.801477377655
291,292,880,203,0.812557710065
292,293,865,218,0.798707294552
293,294,857,226,0.791320406279
294,295,883,200,0.815327793167
295,296,896,187,0.827331486611
296,297,883,200,0.815327793167
297,298,876,207,0.808864265928
298,299,861,222,0.795013850416
299,300,844,239,0.779316712835
300,301,832,251,0.768236380425
301,302,865,218,0.798707294552
302,303,865,218,0.798707294552
303,304,838,245,0.77377654663
304,305,870,213,0.803324099723
305,306,898,185,0.82917820868
306,307,897,186,0.828254847645
307,308,906,177,0.836565096953
308,309,866,217,0.799630655586
309,310,863,220,0.796860572484
310,311,887,196,0.819021237304
311,312,881,202,0.813481071099
312,313,898,185,0.82917820868
313,314,912,171,0.842105263158
314,315,889,194,0.820867959372
315,316,868,215,0.801477377655
316,317,851,232,0.785780240074
317,318,850,233,0.78485687904
318,319,879,204,0.81163434903
319,320,827,256,0.763619575254
320,321,861,222,0.795013850416
321,322,871,212,0.804247460757
322,323,834,249,0.770083102493
323,324,841,242,0.776546629732
324,325,822,261,0.759002770083
325,326,844,239,0.779316712835
326,327,853,230,0.787626962142
327,328,704,379,0.650046168052
328,329,856,227,0.790397045245
329,330,850,233,0.78485687904
330,331,873,210,0.806094182825
331,332,875,208,0.807940904894
332,333,861,222,0.795013850416
333,334,897,186,0.828254847645
334,335,810,273,0.747922437673
335,336,830,253,0.766389658356
336,337,871,212,0.804247460757
337,338,835,248,0.771006463527
338,339,870,213,0.803324099723
339,340,909,174,0.839335180055
340,341,827,256,0.763619575254
341,342,859,224,0.793167128347
342,343,886,197,0.81809787627
343,344,862,221,0.79593721145
344,345,859,224,0.793167128347
345,346,874,209,0.80701754386
346,347,898,185,0.82917820868
347,348,847,236,0.782086795937
348,349,888,195,0.819944598338
349,350,884,199,0.816251154201
350,351,907,176,0.837488457987
351,352,886,197,0.81809787627
352,353,854,229,0.788550323176
353,354,913,170,0.843028624192
354,355,851,232,0.785780240074
355,356,884,199,0.816251154201
356,357,907,176,0.837488457987
357,358,885,198,0.817174515235
358,359,878,205,0.810710987996
359,360,871,212,0.804247460757
360,361,840,243,0.775623268698
361,362,895,188,0.826408125577
362,363,894,189,0.825484764543
363,364,881,202,0.813481071099
364,365,818,265,0.755309325946
365,366,858,225,0.792243767313
366,367,894,189,0.825484764543
367,368,877,206,0.809787626962
368,369,901,182,0.831948291782
369,370,876,207,0.808864265928
370,371,871,212,0.804247460757
371,372,884,199,0.816251154201
372,373,872,211,0.805170821791
373,374,923,160,0.852262234534
374,375,919,164,0.848568790397
375,376,873,210,0.806094182825
376,377,891,192,0.82271468144
377,378,918,165,0.847645429363
378,379,911,172,0.841181902124
379,380,898,185,0.82917820868
380,381,897,186,0.828254847645
381,382,880,203,0.812557710065
382,383,871,212,0.804247460757
383,384,916,167,0.845798707295
384,385,896,187,0.827331486611
385,386,913,170,0.843028624192
386,387,899,184,0.830101569714
387,388,911,172,0.841181902124
388,389,932,151,0.860572483841
389,390,919,164,0.848568790397
390,391,923,160,0.852262234534
391,392,918,165,0.847645429363
392,393,904,179,0.834718374885
393,394,915,168,0.84487534626
394,395,891,192,0.82271468144
395,396,884,199,0.816251154201
396,397,908,175,0.838411819021
397,398,891,192,0.82271468144
398,399,912,171,0.842105263158
