0,1,732,351,0.675900277008
1,2,748,335,0.690674053555
2,3,786,297,0.725761772853
3,4,802,281,0.7405355494
4,5,772,311,0.712834718375
5,6,774,309,0.714681440443
6,7,861,222,0.795013850416
7,8,842,241,0.777469990766
8,9,809,274,0.746999076639
9,10,830,253,0.766389658356
10,11,843,240,0.778393351801
11,12,828,255,0.764542936288
12,13,837,246,0.772853185596
13,14,819,264,0.756232686981
14,15,854,229,0.788550323176
15,16,836,247,0.771929824561
16,17,846,237,0.781163434903
17,18,839,244,0.774699907664
18,19,812,271,0.749769159741
19,20,882,201,0.814404432133
20,21,842,241,0.777469990766
21,22,859,224,0.793167128347
22,23,839,244,0.774699907664
23,24,868,215,0.801477377655
24,25,808,275,0.746075715605
25,26,844,239,0.779316712835
26,27,874,209,0.80701754386
27,28,898,185,0.82917820868
28,29,856,227,0.790397045245
29,30,836,247,0.771929824561
30,31,883,200,0.815327793167
31,32,903,180,0.83379501385
32,33,773,310,0.713758079409
33,34,870,213,0.803324099723
34,35,864,219,0.797783933518
35,36,865,218,0.798707294552
36,37,887,196,0.819021237304
37,38,868,215,0.801477377655
38,39,822,261,0.759002770083
39,40,832,251,0.768236380425
40,41,866,217,0.799630655586
41,42,866,217,0.799630655586
42,43,897,186,0.828254847645
43,44,877,206,0.809787626962
44,45,853,230,0.787626962142
45,46,888,195,0.819944598338
46,47,907,176,0.837488457987
47,48,908,175,0.838411819021
48,49,829,254,0.765466297322
49,50,889,194,0.820867959372
50,51,887,196,0.819021237304
51,52,886,197,0.81809787627
52,53,839,244,0.774699907664
53,54,875,208,0.807940904894
54,55,884,199,0.816251154201
55,56,869,214,0.802400738689
56,57,854,229,0.788550323176
57,58,867,216,0.80055401662
58,59,886,197,0.81809787627
59,60,868,215,0.801477377655
60,61,882,201,0.814404432133
61,62,879,204,0.81163434903
62,63,869,214,0.802400738689
63,64,872,211,0.805170821791
64,65,880,203,0.812557710065
65,66,887,196,0.819021237304
66,67,886,197,0.81809787627
67,68,870,213,0.803324099723
68,69,910,173,0.84025854109
69,70,896,187,0.827331486611
70,71,891,192,0.82271468144
71,72,892,191,0.823638042475
72,73,854,229,0.788550323176
73,74,854,229,0.788550323176
74,75,879,204,0.81163434903
75,76,873,210,0.806094182825
76,77,892,191,0.823638042475
77,78,888,195,0.819944598338
78,79,882,201,0.814404432133
79,80,864,219,0.797783933518
80,81,901,182,0.831948291782
81,82,885,198,0.817174515235
82,83,879,204,0.81163434903
83,84,885,198,0.817174515235
84,85,890,193,0.821791320406
85,86,870,213,0.803324099723
86,87,898,185,0.82917820868
87,88,867,216,0.80055401662
88,89,906,177,0.836565096953
89,90,879,204,0.81163434903
90,91,887,196,0.819021237304
91,92,878,205,0.810710987996
92,93,893,190,0.824561403509
93,94,893,190,0.824561403509
94,95,897,186,0.828254847645
95,96,886,197,0.81809787627
96,97,873,210,0.806094182825
97,98,888,195,0.819944598338
98,99,878,205,0.810710987996
99,100,886,197,0.81809787627
100,101,903,180,0.83379501385
101,102,888,195,0.819944598338
102,103,870,213,0.803324099723
103,104,892,191,0.823638042475
104,105,878,205,0.810710987996
105,106,882,201,0.814404432133
106,107,901,182,0.831948291782
107,108,858,225,0.792243767313
108,109,886,197,0.81809787627
109,110,882,201,0.814404432133
110,111,889,194,0.820867959372
111,112,894,189,0.825484764543
112,113,875,208,0.807940904894
113,114,905,178,0.835641735919
114,115,864,219,0.797783933518
115,116,899,184,0.830101569714
116,117,898,185,0.82917820868
117,118,935,148,0.863342566944
118,119,706,377,0.65189289012
119,120,708,375,0.653739612188
120,121,740,343,0.683287165282
121,122,787,296,0.726685133887
122,123,830,253,0.766389658356
123,124,722,361,0.666666666667
124,125,812,271,0.749769159741
125,126,794,289,0.733148661127
126,127,672,411,0.620498614958
127,128,799,284,0.737765466297
128,129,818,265,0.755309325946
129,130,739,344,0.682363804247
130,131,777,306,0.717451523546
131,132,789,294,0.728531855956
132,133,830,253,0.766389658356
133,134,786,297,0.725761772853
134,135,742,341,0.68513388735
135,136,755,328,0.697137580794
136,137,700,383,0.646352723915
137,138,746,337,0.688827331487
138,139,737,346,0.680517082179
139,140,808,275,0.746075715605
140,141,840,243,0.775623268698
141,142,805,278,0.743305632502
142,143,768,315,0.709141274238
143,144,839,244,0.774699907664
144,145,829,254,0.765466297322
145,146,839,244,0.774699907664
146,147,822,261,0.759002770083
147,148,883,200,0.815327793167
148,149,777,306,0.717451523546
149,150,794,289,0.733148661127
150,151,835,248,0.771006463527
151,152,719,364,0.663896583564
152,153,801,282,0.739612188366
153,154,785,298,0.724838411819
154,155,873,210,0.806094182825
155,156,810,273,0.747922437673
156,157,885,198,0.817174515235
157,158,761,322,0.702677746999
158,159,789,294,0.728531855956
159,160,846,237,0.781163434903
160,161,808,275,0.746075715605
161,162,869,214,0.802400738689
162,163,843,240,0.778393351801
163,164,888,195,0.819944598338
164,165,874,209,0.80701754386
165,166,839,244,0.774699907664
166,167,858,225,0.792243767313
167,168,752,331,0.694367497692
168,169,790,293,0.72945521699
169,170,653,430,0.602954755309
170,171,669,414,0.617728531856
171,172,804,279,0.742382271468
172,173,810,273,0.747922437673
173,174,735,348,0.678670360111
174,175,844,239,0.779316712835
175,176,760,323,0.701754385965
176,177,772,311,0.712834718375
177,178,820,263,0.757156048015
178,179,781,302,0.721144967682
179,180,778,305,0.71837488458
180,181,878,205,0.810710987996
181,182,755,328,0.697137580794
182,183,863,220,0.796860572484
183,184,846,237,0.781163434903
184,185,865,218,0.798707294552
185,186,854,229,0.788550323176
186,187,860,223,0.794090489381
187,188,847,236,0.782086795937
188,189,816,267,0.753462603878
189,190,764,319,0.705447830102
190,191,805,278,0.743305632502
191,192,796,287,0.734995383195
192,193,809,274,0.746999076639
193,194,825,258,0.761772853186
194,195,789,294,0.728531855956
195,196,804,279,0.742382271468
196,197,824,259,0.760849492151
197,198,813,270,0.750692520776
198,199,830,253,0.766389658356
199,200,849,234,0.783933518006
200,201,816,267,0.753462603878
201,202,836,247,0.771929824561
202,203,802,281,0.7405355494
203,204,830,253,0.766389658356
204,205,865,218,0.798707294552
205,206,829,254,0.765466297322
206,207,856,227,0.790397045245
207,208,766,317,0.70729455217
208,209,801,282,0.739612188366
209,210,796,287,0.734995383195
210,211,832,251,0.768236380425
211,212,824,259,0.760849492151
212,213,793,290,0.732225300092
213,214,812,271,0.749769159741
214,215,791,292,0.730378578024
215,216,822,261,0.759002770083
216,217,772,311,0.712834718375
217,218,718,365,0.66297322253
218,219,641,442,0.591874422899
219,220,648,435,0.598337950139
220,221,786,297,0.725761772853
221,222,708,375,0.653739612188
222,223,750,333,0.692520775623
223,224,725,358,0.669436749769
224,225,790,293,0.72945521699
225,226,762,321,0.703601108033
226,227,744,339,0.686980609418
227,228,713,370,0.658356417359
228,229,879,204,0.81163434903
229,230,771,312,0.711911357341
230,231,814,269,0.75161588181
231,232,862,221,0.79593721145
232,233,820,263,0.757156048015
233,234,798,285,0.736842105263
234,235,801,282,0.739612188366
235,236,776,307,0.716528162512
236,237,688,395,0.635272391505
237,238,702,381,0.648199445983
238,239,747,336,0.689750692521
239,240,753,330,0.695290858726
240,241,704,379,0.650046168052
241,242,790,293,0.72945521699
242,243,788,295,0.727608494922
243,244,783,300,0.722991689751
244,245,710,373,0.655586334257
245,246,798,285,0.736842105263
246,247,746,337,0.688827331487
247,248,726,357,0.670360110803
248,249,809,274,0.746999076639
249,250,752,331,0.694367497692
250,251,765,318,0.706371191136
251,252,822,261,0.759002770083
252,253,851,232,0.785780240074
253,254,896,187,0.827331486611
254,255,765,318,0.706371191136
255,256,747,336,0.689750692521
256,257,792,291,0.731301939058
257,258,721,362,0.665743305633
258,259,798,285,0.736842105263
259,260,794,289,0.733148661127
260,261,754,329,0.69621421976
261,262,811,272,0.748845798707
262,263,841,242,0.776546629732
263,264,817,266,0.754385964912
264,265,800,283,0.738688827331
265,266,772,311,0.712834718375
266,267,774,309,0.714681440443
267,268,838,245,0.77377654663
268,269,795,288,0.734072022161
269,270,777,306,0.717451523546
270,271,721,362,0.665743305633
271,272,742,341,0.68513388735
272,273,764,319,0.705447830102
273,274,800,283,0.738688827331
274,275,802,281,0.7405355494
275,276,852,231,0.786703601108
276,277,765,318,0.706371191136
277,278,877,206,0.809787626962
278,279,836,247,0.771929824561
279,280,841,242,0.776546629732
280,281,864,219,0.797783933518
281,282,848,235,0.783010156971
282,283,900,183,0.831024930748
283,284,859,224,0.793167128347
284,285,855,228,0.789473684211
285,286,889,194,0.820867959372
286,287,829,254,0.765466297322
287,288,843,240,0.778393351801
288,289,858,225,0.792243767313
289,290,895,188,0.826408125577
290,291,881,202,0.813481071099
291,292,880,203,0.812557710065
292,293,816,267,0.753462603878
293,294,854,229,0.788550323176
294,295,873,210,0.806094182825
295,296,872,211,0.805170821791
296,297,879,204,0.81163434903
297,298,840,243,0.775623268698
298,299,868,215,0.801477377655
299,300,858,225,0.792243767313
300,301,820,263,0.757156048015
301,302,846,237,0.781163434903
302,303,857,226,0.791320406279
303,304,843,240,0.778393351801
304,305,862,221,0.79593721145
305,306,895,188,0.826408125577
306,307,878,205,0.810710987996
307,308,890,193,0.821791320406
308,309,861,222,0.795013850416
309,310,856,227,0.790397045245
310,311,899,184,0.830101569714
311,312,855,228,0.789473684211
312,313,887,196,0.819021237304
313,314,903,180,0.83379501385
314,315,900,183,0.831024930748
315,316,822,261,0.759002770083
316,317,814,269,0.75161588181
317,318,850,233,0.78485687904
318,319,890,193,0.821791320406
319,320,860,223,0.794090489381
320,321,878,205,0.810710987996
321,322,906,177,0.836565096953
322,323,855,228,0.789473684211
323,324,860,223,0.794090489381
324,325,837,246,0.772853185596
325,326,837,246,0.772853185596
326,327,809,274,0.746999076639
327,328,731,352,0.674976915974
328,329,876,207,0.808864265928
329,330,856,227,0.790397045245
330,331,820,263,0.757156048015
331,332,911,172,0.841181902124
332,333,897,186,0.828254847645
333,334,864,219,0.797783933518
334,335,874,209,0.80701754386
335,336,832,251,0.768236380425
336,337,892,191,0.823638042475
337,338,874,209,0.80701754386
338,339,890,193,0.821791320406
339,340,900,183,0.831024930748
340,341,881,202,0.813481071099
341,342,861,222,0.795013850416
342,343,865,218,0.798707294552
343,344,870,213,0.803324099723
344,345,869,214,0.802400738689
345,346,900,183,0.831024930748
346,347,894,189,0.825484764543
347,348,864,219,0.797783933518
348,349,885,198,0.817174515235
349,350,882,201,0.814404432133
350,351,912,171,0.842105263158
351,352,905,178,0.835641735919
352,353,882,201,0.814404432133
353,354,917,166,0.846722068329
354,355,869,214,0.802400738689
355,356,880,203,0.812557710065
356,357,882,201,0.814404432133
357,358,887,196,0.819021237304
358,359,891,192,0.82271468144
359,360,900,183,0.831024930748
360,361,841,242,0.776546629732
361,362,879,204,0.81163434903
362,363,919,164,0.848568790397
363,364,884,199,0.816251154201
364,365,837,246,0.772853185596
365,366,843,240,0.778393351801
366,367,900,183,0.831024930748
367,368,907,176,0.837488457987
368,369,898,185,0.82917820868
369,370,886,197,0.81809787627
370,371,895,188,0.826408125577
371,372,892,191,0.823638042475
372,373,913,170,0.843028624192
373,374,908,175,0.838411819021
374,375,925,158,0.854108956602
375,376,845,238,0.780240073869
376,377,890,193,0.821791320406
377,378,925,158,0.854108956602
378,379,941,142,0.868882733149
379,380,914,169,0.843951985226
380,381,949,134,0.876269621422
381,382,882,201,0.814404432133
382,383,884,199,0.816251154201
383,384,938,145,0.866112650046
384,385,929,154,0.857802400739
385,386,916,167,0.845798707295
386,387,899,184,0.830101569714
387,388,931,152,0.859649122807
388,389,945,138,0.872576177285
389,390,914,169,0.843951985226
390,391,928,155,0.856879039705
391,392,919,164,0.848568790397
392,393,910,173,0.84025854109
393,394,934,149,0.86241920591
394,395,907,176,0.837488457987
395,396,890,193,0.821791320406
396,397,900,183,0.831024930748
397,398,882,201,0.814404432133
398,399,896,187,0.827331486611
