0,1,748,335,0.690674053555
1,2,732,351,0.675900277008
2,3,769,314,0.710064635272
3,4,789,294,0.728531855956
4,5,791,292,0.730378578024
5,6,801,282,0.739612188366
6,7,829,254,0.765466297322
7,8,850,233,0.78485687904
8,9,808,275,0.746075715605
9,10,841,242,0.776546629732
10,11,851,232,0.785780240074
11,12,848,235,0.783010156971
12,13,823,260,0.759926131117
13,14,787,296,0.726685133887
14,15,800,283,0.738688827331
15,16,797,286,0.735918744229
16,17,793,290,0.732225300092
17,18,769,314,0.710064635272
18,19,812,271,0.749769159741
19,20,869,214,0.802400738689
20,21,801,282,0.739612188366
21,22,870,213,0.803324099723
22,23,860,223,0.794090489381
23,24,844,239,0.779316712835
24,25,822,261,0.759002770083
25,26,844,239,0.779316712835
26,27,859,224,0.793167128347
27,28,874,209,0.80701754386
28,29,848,235,0.783010156971
29,30,820,263,0.757156048015
30,31,864,219,0.797783933518
31,32,850,233,0.78485687904
32,33,850,233,0.78485687904
33,34,852,231,0.786703601108
34,35,842,241,0.777469990766
35,36,829,254,0.765466297322
36,37,873,210,0.806094182825
37,38,864,219,0.797783933518
38,39,878,205,0.810710987996
39,40,857,226,0.791320406279
40,41,876,207,0.808864265928
41,42,824,259,0.760849492151
42,43,892,191,0.823638042475
43,44,838,245,0.77377654663
44,45,847,236,0.782086795937
45,46,871,212,0.804247460757
46,47,905,178,0.835641735919
47,48,833,250,0.769159741459
48,49,834,249,0.770083102493
49,50,871,212,0.804247460757
50,51,860,223,0.794090489381
51,52,885,198,0.817174515235
52,53,835,248,0.771006463527
53,54,847,236,0.782086795937
54,55,868,215,0.801477377655
55,56,855,228,0.789473684211
56,57,864,219,0.797783933518
57,58,855,228,0.789473684211
58,59,864,219,0.797783933518
59,60,844,239,0.779316712835
60,61,862,221,0.79593721145
61,62,866,217,0.799630655586
62,63,832,251,0.768236380425
63,64,871,212,0.804247460757
64,65,874,209,0.80701754386
65,66,862,221,0.79593721145
66,67,807,276,0.745152354571
67,68,858,225,0.792243767313
68,69,886,197,0.81809787627
69,70,865,218,0.798707294552
70,71,871,212,0.804247460757
71,72,882,201,0.814404432133
72,73,822,261,0.759002770083
73,74,839,244,0.774699907664
74,75,874,209,0.80701754386
75,76,860,223,0.794090489381
76,77,864,219,0.797783933518
77,78,851,232,0.785780240074
78,79,879,204,0.81163434903
79,80,843,240,0.778393351801
80,81,871,212,0.804247460757
81,82,873,210,0.806094182825
82,83,865,218,0.798707294552
83,84,901,182,0.831948291782
84,85,892,191,0.823638042475
85,86,865,218,0.798707294552
86,87,875,208,0.807940904894
87,88,873,210,0.806094182825
88,89,906,177,0.836565096953
89,90,855,228,0.789473684211
90,91,863,220,0.796860572484
91,92,859,224,0.793167128347
92,93,860,223,0.794090489381
93,94,892,191,0.823638042475
94,95,898,185,0.82917820868
95,96,867,216,0.80055401662
96,97,862,221,0.79593721145
97,98,895,188,0.826408125577
98,99,864,219,0.797783933518
99,100,874,209,0.80701754386
100,101,889,194,0.820867959372
101,102,898,185,0.82917820868
102,103,858,225,0.792243767313
103,104,892,191,0.823638042475
104,105,894,189,0.825484764543
105,106,901,182,0.831948291782
106,107,866,217,0.799630655586
107,108,827,256,0.763619575254
108,109,886,197,0.81809787627
109,110,870,213,0.803324099723
110,111,880,203,0.812557710065
111,112,882,201,0.814404432133
112,113,898,185,0.82917820868
113,114,908,175,0.838411819021
114,115,862,221,0.79593721145
115,116,827,256,0.763619575254
116,117,903,180,0.83379501385
117,118,918,165,0.847645429363
118,119,680,403,0.627885503232
119,120,719,364,0.663896583564
120,121,784,299,0.723915050785
121,122,797,286,0.735918744229
122,123,840,243,0.775623268698
123,124,709,374,0.654662973223
124,125,757,326,0.698984302862
125,126,804,279,0.742382271468
126,127,667,416,0.615881809788
127,128,816,267,0.753462603878
128,129,760,323,0.701754385965
129,130,766,317,0.70729455217
130,131,746,337,0.688827331487
131,132,764,319,0.705447830102
132,133,845,238,0.780240073869
133,134,772,311,0.712834718375
134,135,757,326,0.698984302862
135,136,788,295,0.727608494922
136,137,708,375,0.653739612188
137,138,750,333,0.692520775623
138,139,760,323,0.701754385965
139,140,827,256,0.763619575254
140,141,774,309,0.714681440443
141,142,815,268,0.752539242844
142,143,726,357,0.670360110803
143,144,841,242,0.776546629732
144,145,810,273,0.747922437673
145,146,825,258,0.761772853186
146,147,806,277,0.744228993536
147,148,857,226,0.791320406279
148,149,771,312,0.711911357341
149,150,781,302,0.721144967682
150,151,809,274,0.746999076639
151,152,701,382,0.647276084949
152,153,756,327,0.698060941828
153,154,744,339,0.686980609418
154,155,725,358,0.669436749769
155,156,813,270,0.750692520776
156,157,804,279,0.742382271468
157,158,749,334,0.691597414589
158,159,755,328,0.697137580794
159,160,835,248,0.771006463527
160,161,823,260,0.759926131117
161,162,858,225,0.792243767313
162,163,798,285,0.736842105263
163,164,887,196,0.819021237304
164,165,866,217,0.799630655586
165,166,854,229,0.788550323176
166,167,834,249,0.770083102493
167,168,770,313,0.710987996307
168,169,791,292,0.730378578024
169,170,583,500,0.538319482918
170,171,693,390,0.639889196676
171,172,845,238,0.780240073869
172,173,804,279,0.742382271468
173,174,783,300,0.722991689751
174,175,810,273,0.747922437673
175,176,763,320,0.704524469067
176,177,772,311,0.712834718375
177,178,813,270,0.750692520776
178,179,790,293,0.72945521699
179,180,789,294,0.728531855956
180,181,877,206,0.809787626962
181,182,770,313,0.710987996307
182,183,855,228,0.789473684211
183,184,836,247,0.771929824561
184,185,857,226,0.791320406279
185,186,806,277,0.744228993536
186,187,851,232,0.785780240074
187,188,831,252,0.767313019391
188,189,806,277,0.744228993536
189,190,754,329,0.69621421976
190,191,814,269,0.75161588181
191,192,780,303,0.720221606648
192,193,804,279,0.742382271468
193,194,828,255,0.764542936288
194,195,802,281,0.7405355494
195,196,786,297,0.725761772853
196,197,812,271,0.749769159741
197,198,792,291,0.731301939058
198,199,790,293,0.72945521699
199,200,844,239,0.779316712835
200,201,850,233,0.78485687904
201,202,827,256,0.763619575254
202,203,813,270,0.750692520776
203,204,834,249,0.770083102493
204,205,853,230,0.787626962142
205,206,802,281,0.7405355494
206,207,873,210,0.806094182825
207,208,751,332,0.693444136657
208,209,771,312,0.711911357341
209,210,775,308,0.715604801477
210,211,793,290,0.732225300092
211,212,819,264,0.756232686981
212,213,805,278,0.743305632502
213,214,839,244,0.774699907664
214,215,792,291,0.731301939058
215,216,817,266,0.754385964912
216,217,770,313,0.710987996307
217,218,697,386,0.643582640813
218,219,660,423,0.609418282548
219,220,848,235,0.783010156971
220,221,769,314,0.710064635272
221,222,695,388,0.641735918744
222,223,708,375,0.653739612188
223,224,709,374,0.654662973223
224,225,808,275,0.746075715605
225,226,739,344,0.682363804247
226,227,743,340,0.686057248384
227,228,662,421,0.611265004617
228,229,877,206,0.809787626962
229,230,782,301,0.722068328717
230,231,788,295,0.727608494922
231,232,843,240,0.778393351801
232,233,790,293,0.72945521699
233,234,855,228,0.789473684211
234,235,819,264,0.756232686981
235,236,721,362,0.665743305633
236,237,709,374,0.654662973223
237,238,724,359,0.668513388735
238,239,740,343,0.683287165282
239,240,753,330,0.695290858726
240,241,738,345,0.681440443213
241,242,775,308,0.715604801477
242,243,790,293,0.72945521699
243,244,774,309,0.714681440443
244,245,740,343,0.683287165282
245,246,795,288,0.734072022161
246,247,733,350,0.676823638042
247,248,737,346,0.680517082179
248,249,800,283,0.738688827331
249,250,782,301,0.722068328717
250,251,782,301,0.722068328717
251,252,792,291,0.731301939058
252,253,842,241,0.777469990766
253,254,903,180,0.83379501385
254,255,747,336,0.689750692521
255,256,714,369,0.659279778393
256,257,781,302,0.721144967682
257,258,613,470,0.566020313943
258,259,797,286,0.735918744229
259,260,782,301,0.722068328717
260,261,807,276,0.745152354571
261,262,820,263,0.757156048015
262,263,854,229,0.788550323176
263,264,807,276,0.745152354571
264,265,775,308,0.715604801477
265,266,779,304,0.719298245614
266,267,785,298,0.724838411819
267,268,823,260,0.759926131117
268,269,804,279,0.742382271468
269,270,762,321,0.703601108033
270,271,726,357,0.670360110803
271,272,730,353,0.67405355494
272,273,784,299,0.723915050785
273,274,801,282,0.739612188366
274,275,794,289,0.733148661127
275,276,860,223,0.794090489381
276,277,748,335,0.690674053555
277,278,873,210,0.806094182825
278,279,860,223,0.794090489381
279,280,845,238,0.780240073869
280,281,843,240,0.778393351801
281,282,883,200,0.815327793167
282,283,889,194,0.820867959372
283,284,844,239,0.779316712835
284,285,821,262,0.758079409049
285,286,862,221,0.79593721145
286,287,885,198,0.817174515235
287,288,824,259,0.760849492151
288,289,861,222,0.795013850416
289,290,891,192,0.82271468144
290,291,858,225,0.792243767313
291,292,859,224,0.793167128347
292,293,857,226,0.791320406279
293,294,874,209,0.80701754386
294,295,876,207,0.808864265928
295,296,879,204,0.81163434903
296,297,887,196,0.819021237304
297,298,842,241,0.777469990766
298,299,841,242,0.776546629732
299,300,813,270,0.750692520776
300,301,812,271,0.749769159741
301,302,865,218,0.798707294552
302,303,857,226,0.791320406279
303,304,851,232,0.785780240074
304,305,856,227,0.790397045245
305,306,890,193,0.821791320406
306,307,878,205,0.810710987996
307,308,901,182,0.831948291782
308,309,869,214,0.802400738689
309,310,856,227,0.790397045245
310,311,894,189,0.825484764543
311,312,882,201,0.814404432133
312,313,882,201,0.814404432133
313,314,908,175,0.838411819021
314,315,868,215,0.801477377655
315,316,857,226,0.791320406279
316,317,857,226,0.791320406279
317,318,814,269,0.75161588181
318,319,907,176,0.837488457987
319,320,860,223,0.794090489381
320,321,857,226,0.791320406279
321,322,906,177,0.836565096953
322,323,853,230,0.787626962142
323,324,881,202,0.813481071099
324,325,838,245,0.77377654663
325,326,845,238,0.780240073869
326,327,849,234,0.783933518006
327,328,710,373,0.655586334257
328,329,854,229,0.788550323176
329,330,844,239,0.779316712835
330,331,878,205,0.810710987996
331,332,887,196,0.819021237304
332,333,882,201,0.814404432133
333,334,880,203,0.812557710065
334,335,867,216,0.80055401662
335,336,854,229,0.788550323176
336,337,883,200,0.815327793167
337,338,858,225,0.792243767313
338,339,891,192,0.82271468144
339,340,921,162,0.850415512465
340,341,853,230,0.787626962142
341,342,863,220,0.796860572484
342,343,896,187,0.827331486611
343,344,872,211,0.805170821791
344,345,860,223,0.794090489381
345,346,875,208,0.807940904894
346,347,907,176,0.837488457987
347,348,853,230,0.787626962142
348,349,875,208,0.807940904894
349,350,891,192,0.82271468144
350,351,914,169,0.843951985226
351,352,912,171,0.842105263158
352,353,859,224,0.793167128347
353,354,905,178,0.835641735919
354,355,863,220,0.796860572484
355,356,869,214,0.802400738689
356,357,894,189,0.825484764543
357,358,864,219,0.797783933518
358,359,880,203,0.812557710065
359,360,899,184,0.830101569714
360,361,831,252,0.767313019391
361,362,886,197,0.81809787627
362,363,890,193,0.821791320406
363,364,856,227,0.790397045245
364,365,851,232,0.785780240074
365,366,870,213,0.803324099723
366,367,904,179,0.834718374885
367,368,915,168,0.84487534626
368,369,901,182,0.831948291782
369,370,865,218,0.798707294552
370,371,894,189,0.825484764543
371,372,884,199,0.816251154201
372,373,894,189,0.825484764543
373,374,915,168,0.84487534626
374,375,914,169,0.843951985226
375,376,870,213,0.803324099723
376,377,887,196,0.819021237304
377,378,916,167,0.845798707295
378,379,936,147,0.864265927978
379,380,915,168,0.84487534626
380,381,920,163,0.849492151431
381,382,881,202,0.813481071099
382,383,884,199,0.816251154201
383,384,941,142,0.868882733149
384,385,918,165,0.847645429363
385,386,872,211,0.805170821791
386,387,891,192,0.82271468144
387,388,929,154,0.857802400739
388,389,950,133,0.877192982456
389,390,915,168,0.84487534626
390,391,904,179,0.834718374885
391,392,914,169,0.843951985226
392,393,907,176,0.837488457987
393,394,921,162,0.850415512465
394,395,905,178,0.835641735919
395,396,883,200,0.815327793167
396,397,911,172,0.841181902124
397,398,898,185,0.82917820868
398,399,916,167,0.845798707295
