0,1,756,327,0.698060941828
1,2,742,341,0.68513388735
2,3,790,293,0.72945521699
3,4,774,309,0.714681440443
4,5,777,306,0.717451523546
5,6,800,283,0.738688827331
6,7,835,248,0.771006463527
7,8,831,252,0.767313019391
8,9,776,307,0.716528162512
9,10,817,266,0.754385964912
10,11,859,224,0.793167128347
11,12,802,281,0.7405355494
12,13,782,301,0.722068328717
13,14,792,291,0.731301939058
14,15,822,261,0.759002770083
15,16,792,291,0.731301939058
16,17,792,291,0.731301939058
17,18,816,267,0.753462603878
18,19,783,300,0.722991689751
19,20,877,206,0.809787626962
20,21,817,266,0.754385964912
21,22,854,229,0.788550323176
22,23,847,236,0.782086795937
23,24,853,230,0.787626962142
24,25,828,255,0.764542936288
25,26,849,234,0.783933518006
26,27,877,206,0.809787626962
27,28,825,258,0.761772853186
28,29,845,238,0.780240073869
29,30,812,271,0.749769159741
30,31,842,241,0.777469990766
31,32,836,247,0.771929824561
32,33,852,231,0.786703601108
33,34,833,250,0.769159741459
34,35,819,264,0.756232686981
35,36,842,241,0.777469990766
36,37,861,222,0.795013850416
37,38,850,233,0.78485687904
38,39,871,212,0.804247460757
39,40,865,218,0.798707294552
40,41,882,201,0.814404432133
41,42,816,267,0.753462603878
42,43,888,195,0.819944598338
43,44,891,192,0.82271468144
44,45,813,270,0.750692520776
45,46,846,237,0.781163434903
46,47,892,191,0.823638042475
47,48,849,234,0.783933518006
48,49,847,236,0.782086795937
49,50,866,217,0.799630655586
50,51,870,213,0.803324099723
51,52,870,213,0.803324099723
52,53,858,225,0.792243767313
53,54,852,231,0.786703601108
54,55,853,230,0.787626962142
55,56,775,308,0.715604801477
56,57,870,213,0.803324099723
57,58,838,245,0.77377654663
58,59,874,209,0.80701754386
59,60,859,224,0.793167128347
60,61,866,217,0.799630655586
61,62,870,213,0.803324099723
62,63,828,255,0.764542936288
63,64,879,204,0.81163434903
64,65,867,216,0.80055401662
65,66,856,227,0.790397045245
66,67,897,186,0.828254847645
67,68,874,209,0.80701754386
68,69,886,197,0.81809787627
69,70,874,209,0.80701754386
70,71,876,207,0.808864265928
71,72,892,191,0.823638042475
72,73,851,232,0.785780240074
73,74,824,259,0.760849492151
74,75,866,217,0.799630655586
75,76,842,241,0.777469990766
76,77,886,197,0.81809787627
77,78,886,197,0.81809787627
78,79,877,206,0.809787626962
79,80,868,215,0.801477377655
80,81,887,196,0.819021237304
81,82,879,204,0.81163434903
82,83,892,191,0.823638042475
83,84,862,221,0.79593721145
84,85,910,173,0.84025854109
85,86,896,187,0.827331486611
86,87,885,198,0.817174515235
87,88,881,202,0.813481071099
88,89,894,189,0.825484764543
89,90,835,248,0.771006463527
90,91,870,213,0.803324099723
91,92,890,193,0.821791320406
92,93,856,227,0.790397045245
93,94,857,226,0.791320406279
94,95,887,196,0.819021237304
95,96,892,191,0.823638042475
96,97,859,224,0.793167128347
97,98,888,195,0.819944598338
98,99,869,214,0.802400738689
99,100,890,193,0.821791320406
100,101,911,172,0.841181902124
101,102,886,197,0.81809787627
102,103,868,215,0.801477377655
103,104,878,205,0.810710987996
104,105,858,225,0.792243767313
105,106,878,205,0.810710987996
106,107,886,197,0.81809787627
107,108,822,261,0.759002770083
108,109,906,177,0.836565096953
109,110,873,210,0.806094182825
110,111,898,185,0.82917820868
111,112,863,220,0.796860572484
112,113,854,229,0.788550323176
113,114,925,158,0.854108956602
114,115,834,249,0.770083102493
115,116,858,225,0.792243767313
116,117,882,201,0.814404432133
117,118,917,166,0.846722068329
118,119,713,370,0.658356417359
119,120,699,384,0.645429362881
120,121,772,311,0.712834718375
121,122,803,280,0.741458910434
122,123,844,239,0.779316712835
123,124,711,372,0.656509695291
124,125,819,264,0.756232686981
125,126,765,318,0.706371191136
126,127,643,440,0.593721144968
127,128,758,325,0.699907663897
128,129,816,267,0.753462603878
129,130,733,350,0.676823638042
130,131,747,336,0.689750692521
131,132,747,336,0.689750692521
132,133,815,268,0.752539242844
133,134,761,322,0.702677746999
134,135,767,316,0.708217913204
135,136,753,330,0.695290858726
136,137,685,398,0.632502308403
137,138,747,336,0.689750692521
138,139,765,318,0.706371191136
139,140,821,262,0.758079409049
140,141,796,287,0.734995383195
141,142,811,272,0.748845798707
142,143,757,326,0.698984302862
143,144,853,230,0.787626962142
144,145,847,236,0.782086795937
145,146,828,255,0.764542936288
146,147,791,292,0.730378578024
147,148,817,266,0.754385964912
148,149,754,329,0.69621421976
149,150,743,340,0.686057248384
150,151,805,278,0.743305632502
151,152,708,375,0.653739612188
152,153,742,341,0.68513388735
153,154,762,321,0.703601108033
154,155,873,210,0.806094182825
155,156,824,259,0.760849492151
156,157,813,270,0.750692520776
157,158,745,338,0.687903970452
158,159,785,298,0.724838411819
159,160,846,237,0.781163434903
160,161,842,241,0.777469990766
161,162,866,217,0.799630655586
162,163,819,264,0.756232686981
163,164,865,218,0.798707294552
164,165,838,245,0.77377654663
165,166,853,230,0.787626962142
166,167,850,233,0.78485687904
167,168,731,352,0.674976915974
168,169,783,300,0.722991689751
169,170,623,460,0.575253924284
170,171,652,431,0.602031394275
171,172,809,274,0.746999076639
172,173,849,234,0.783933518006
173,174,782,301,0.722068328717
174,175,825,258,0.761772853186
175,176,776,307,0.716528162512
176,177,740,343,0.683287165282
177,178,795,288,0.734072022161
178,179,787,296,0.726685133887
179,180,762,321,0.703601108033
180,181,849,234,0.783933518006
181,182,785,298,0.724838411819
182,183,833,250,0.769159741459
183,184,829,254,0.765466297322
184,185,857,226,0.791320406279
185,186,811,272,0.748845798707
186,187,848,235,0.783010156971
187,188,849,234,0.783933518006
188,189,762,321,0.703601108033
189,190,799,284,0.737765466297
190,191,797,286,0.735918744229
191,192,800,283,0.738688827331
192,193,802,281,0.7405355494
193,194,823,260,0.759926131117
194,195,762,321,0.703601108033
195,196,804,279,0.742382271468
196,197,793,290,0.732225300092
197,198,770,313,0.710987996307
198,199,802,281,0.7405355494
199,200,829,254,0.765466297322
200,201,830,253,0.766389658356
201,202,843,240,0.778393351801
202,203,796,287,0.734995383195
203,204,760,323,0.701754385965
204,205,818,265,0.755309325946
205,206,833,250,0.769159741459
206,207,864,219,0.797783933518
207,208,767,316,0.708217913204
208,209,835,248,0.771006463527
209,210,762,321,0.703601108033
210,211,799,284,0.737765466297
211,212,777,306,0.717451523546
212,213,780,303,0.720221606648
213,214,727,356,0.671283471837
214,215,790,293,0.72945521699
215,216,825,258,0.761772853186
216,217,764,319,0.705447830102
217,218,644,439,0.594644506002
218,219,659,424,0.608494921514
219,220,681,402,0.628808864266
220,221,800,283,0.738688827331
221,222,714,369,0.659279778393
222,223,712,371,0.657433056325
223,224,706,377,0.65189289012
224,225,793,290,0.732225300092
225,226,743,340,0.686057248384
226,227,747,336,0.689750692521
227,228,715,368,0.660203139428
228,229,881,202,0.813481071099
229,230,776,307,0.716528162512
230,231,802,281,0.7405355494
231,232,854,229,0.788550323176
232,233,783,300,0.722991689751
233,234,763,320,0.704524469067
234,235,811,272,0.748845798707
235,236,716,367,0.661126500462
236,237,635,448,0.586334256694
237,238,718,365,0.66297322253
238,239,760,323,0.701754385965
239,240,759,324,0.700831024931
240,241,714,369,0.659279778393
241,242,652,431,0.602031394275
242,243,768,315,0.709141274238
243,244,797,286,0.735918744229
244,245,750,333,0.692520775623
245,246,798,285,0.736842105263
246,247,752,331,0.694367497692
247,248,737,346,0.680517082179
248,249,817,266,0.754385964912
249,250,757,326,0.698984302862
250,251,743,340,0.686057248384
251,252,801,282,0.739612188366
252,253,835,248,0.771006463527
253,254,880,203,0.812557710065
254,255,770,313,0.710987996307
255,256,774,309,0.714681440443
256,257,773,310,0.713758079409
257,258,636,447,0.587257617729
258,259,791,292,0.730378578024
259,260,764,319,0.705447830102
260,261,812,271,0.749769159741
261,262,811,272,0.748845798707
262,263,821,262,0.758079409049
263,264,806,277,0.744228993536
264,265,790,293,0.72945521699
265,266,808,275,0.746075715605
266,267,775,308,0.715604801477
267,268,831,252,0.767313019391
268,269,815,268,0.752539242844
269,270,767,316,0.708217913204
270,271,708,375,0.653739612188
271,272,747,336,0.689750692521
272,273,742,341,0.68513388735
273,274,794,289,0.733148661127
274,275,802,281,0.7405355494
275,276,848,235,0.783010156971
276,277,799,284,0.737765466297
277,278,863,220,0.796860572484
278,279,855,228,0.789473684211
279,280,833,250,0.769159741459
280,281,846,237,0.781163434903
281,282,862,221,0.79593721145
282,283,891,192,0.82271468144
283,284,836,247,0.771929824561
284,285,835,248,0.771006463527
285,286,883,200,0.815327793167
286,287,865,218,0.798707294552
287,288,837,246,0.772853185596
288,289,863,220,0.796860572484
289,290,840,243,0.775623268698
290,291,876,207,0.808864265928
291,292,851,232,0.785780240074
292,293,859,224,0.793167128347
293,294,843,240,0.778393351801
294,295,842,241,0.777469990766
295,296,877,206,0.809787626962
296,297,889,194,0.820867959372
297,298,877,206,0.809787626962
298,299,858,225,0.792243767313
299,300,858,225,0.792243767313
300,301,822,261,0.759002770083
301,302,866,217,0.799630655586
302,303,852,231,0.786703601108
303,304,852,231,0.786703601108
304,305,845,238,0.780240073869
305,306,894,189,0.825484764543
306,307,893,190,0.824561403509
307,308,902,181,0.832871652816
308,309,842,241,0.777469990766
309,310,850,233,0.78485687904
310,311,890,193,0.821791320406
311,312,883,200,0.815327793167
312,313,879,204,0.81163434903
313,314,911,172,0.841181902124
314,315,884,199,0.816251154201
315,316,857,226,0.791320406279
316,317,856,227,0.790397045245
317,318,868,215,0.801477377655
318,319,898,185,0.82917820868
319,320,858,225,0.792243767313
320,321,850,233,0.78485687904
321,322,902,181,0.832871652816
322,323,852,231,0.786703601108
323,324,863,220,0.796860572484
324,325,837,246,0.772853185596
325,326,837,246,0.772853185596
326,327,846,237,0.781163434903
327,328,731,352,0.674976915974
328,329,882,201,0.814404432133
329,330,844,239,0.779316712835
330,331,878,205,0.810710987996
331,332,891,192,0.82271468144
332,333,882,201,0.814404432133
333,334,883,200,0.815327793167
334,335,854,229,0.788550323176
335,336,852,231,0.786703601108
336,337,887,196,0.819021237304
337,338,841,242,0.776546629732
338,339,886,197,0.81809787627
339,340,910,173,0.84025854109
340,341,851,232,0.785780240074
341,342,868,215,0.801477377655
342,343,853,230,0.787626962142
343,344,839,244,0.774699907664
344,345,857,226,0.791320406279
345,346,862,221,0.79593721145
346,347,847,236,0.782086795937
347,348,862,221,0.79593721145
348,349,877,206,0.809787626962
349,350,869,214,0.802400738689
350,351,891,192,0.82271468144
351,352,888,195,0.819944598338
352,353,868,215,0.801477377655
353,354,899,184,0.830101569714
354,355,851,232,0.785780240074
355,356,880,203,0.812557710065
356,357,881,202,0.813481071099
357,358,870,213,0.803324099723
358,359,892,191,0.823638042475
359,360,871,212,0.804247460757
360,361,837,246,0.772853185596
361,362,886,197,0.81809787627
362,363,905,178,0.835641735919
363,364,868,215,0.801477377655
364,365,840,243,0.775623268698
365,366,842,241,0.777469990766
366,367,866,217,0.799630655586
367,368,905,178,0.835641735919
368,369,884,199,0.816251154201
369,370,861,222,0.795013850416
370,371,892,191,0.823638042475
371,372,890,193,0.821791320406
372,373,881,202,0.813481071099
373,374,892,191,0.823638042475
374,375,913,170,0.843028624192
375,376,870,213,0.803324099723
376,377,885,198,0.817174515235
377,378,912,171,0.842105263158
378,379,902,181,0.832871652816
379,380,909,174,0.839335180055
380,381,901,182,0.831948291782
381,382,882,201,0.814404432133
382,383,885,198,0.817174515235
383,384,918,165,0.847645429363
384,385,907,176,0.837488457987
385,386,897,186,0.828254847645
386,387,887,196,0.819021237304
387,388,924,159,0.853185595568
388,389,947,136,0.874422899354
389,390,923,160,0.852262234534
390,391,921,162,0.850415512465
391,392,872,211,0.805170821791
392,393,883,200,0.815327793167
393,394,893,190,0.824561403509
394,395,882,201,0.814404432133
395,396,879,204,0.81163434903
396,397,916,167,0.845798707295
397,398,888,195,0.819944598338
398,399,904,179,0.834718374885
