0,1,777,306,0.717451523546
1,2,730,353,0.67405355494
2,3,762,321,0.703601108033
3,4,785,298,0.724838411819
4,5,791,292,0.730378578024
5,6,790,293,0.72945521699
6,7,823,260,0.759926131117
7,8,841,242,0.776546629732
8,9,838,245,0.77377654663
9,10,811,272,0.748845798707
10,11,846,237,0.781163434903
11,12,848,235,0.783010156971
12,13,841,242,0.776546629732
13,14,803,280,0.741458910434
14,15,841,242,0.776546629732
15,16,848,235,0.783010156971
16,17,848,235,0.783010156971
17,18,847,236,0.782086795937
18,19,805,278,0.743305632502
19,20,866,217,0.799630655586
20,21,815,268,0.752539242844
21,22,875,208,0.807940904894
22,23,854,229,0.788550323176
23,24,871,212,0.804247460757
24,25,841,242,0.776546629732
25,26,847,236,0.782086795937
26,27,889,194,0.820867959372
27,28,884,199,0.816251154201
28,29,874,209,0.80701754386
29,30,828,255,0.764542936288
30,31,873,210,0.806094182825
31,32,893,190,0.824561403509
32,33,849,234,0.783933518006
33,34,846,237,0.781163434903
34,35,850,233,0.78485687904
35,36,800,283,0.738688827331
36,37,870,213,0.803324099723
37,38,875,208,0.807940904894
38,39,886,197,0.81809787627
39,40,867,216,0.80055401662
40,41,865,218,0.798707294552
41,42,868,215,0.801477377655
42,43,894,189,0.825484764543
43,44,866,217,0.799630655586
44,45,868,215,0.801477377655
45,46,844,239,0.779316712835
46,47,915,168,0.84487534626
47,48,865,218,0.798707294552
48,49,840,243,0.775623268698
49,50,899,184,0.830101569714
50,51,884,199,0.816251154201
51,52,877,206,0.809787626962
52,53,858,225,0.792243767313
53,54,850,233,0.78485687904
54,55,877,206,0.809787626962
55,56,878,205,0.810710987996
56,57,848,235,0.783010156971
57,58,881,202,0.813481071099
58,59,864,219,0.797783933518
59,60,859,224,0.793167128347
60,61,859,224,0.793167128347
61,62,880,203,0.812557710065
62,63,862,221,0.79593721145
63,64,880,203,0.812557710065
64,65,872,211,0.805170821791
65,66,888,195,0.819944598338
66,67,899,184,0.830101569714
67,68,886,197,0.81809787627
68,69,877,206,0.809787626962
69,70,885,198,0.817174515235
70,71,907,176,0.837488457987
71,72,897,186,0.828254847645
72,73,851,232,0.785780240074
73,74,845,238,0.780240073869
74,75,868,215,0.801477377655
75,76,833,250,0.769159741459
76,77,875,208,0.807940904894
77,78,870,213,0.803324099723
78,79,845,238,0.780240073869
79,80,845,238,0.780240073869
80,81,891,192,0.82271468144
81,82,847,236,0.782086795937
82,83,865,218,0.798707294552
83,84,885,198,0.817174515235
84,85,895,188,0.826408125577
85,86,895,188,0.826408125577
86,87,873,210,0.806094182825
87,88,895,188,0.826408125577
88,89,870,213,0.803324099723
89,90,837,246,0.772853185596
90,91,855,228,0.789473684211
91,92,872,211,0.805170821791
92,93,860,223,0.794090489381
93,94,868,215,0.801477377655
94,95,890,193,0.821791320406
95,96,882,201,0.814404432133
96,97,855,228,0.789473684211
97,98,899,184,0.830101569714
98,99,867,216,0.80055401662
99,100,897,186,0.828254847645
100,101,911,172,0.841181902124
101,102,907,176,0.837488457987
102,103,859,224,0.793167128347
103,104,878,205,0.810710987996
104,105,887,196,0.819021237304
105,106,894,189,0.825484764543
106,107,902,181,0.832871652816
107,108,843,240,0.778393351801
108,109,905,178,0.835641735919
109,110,845,238,0.780240073869
110,111,862,221,0.79593721145
111,112,855,228,0.789473684211
112,113,885,198,0.817174515235
113,114,903,180,0.83379501385
114,115,861,222,0.795013850416
115,116,897,186,0.828254847645
116,117,876,207,0.808864265928
117,118,932,151,0.860572483841
118,119,694,389,0.64081255771
119,120,718,365,0.66297322253
120,121,765,318,0.706371191136
121,122,811,272,0.748845798707
122,123,855,228,0.789473684211
123,124,723,360,0.667590027701
124,125,841,242,0.776546629732
125,126,799,284,0.737765466297
126,127,692,391,0.638965835642
127,128,789,294,0.728531855956
128,129,835,248,0.771006463527
129,130,731,352,0.674976915974
130,131,768,315,0.709141274238
131,132,775,308,0.715604801477
132,133,835,248,0.771006463527
133,134,779,304,0.719298245614
134,135,754,329,0.69621421976
135,136,776,307,0.716528162512
136,137,677,406,0.625115420129
137,138,754,329,0.69621421976
138,139,768,315,0.709141274238
139,140,779,304,0.719298245614
140,141,826,257,0.76269621422
141,142,821,262,0.758079409049
142,143,765,318,0.706371191136
143,144,842,241,0.777469990766
144,145,838,245,0.77377654663
145,146,843,240,0.778393351801
146,147,829,254,0.765466297322
147,148,844,239,0.779316712835
148,149,780,303,0.720221606648
149,150,770,313,0.710987996307
150,151,821,262,0.758079409049
151,152,691,392,0.638042474608
152,153,779,304,0.719298245614
153,154,769,314,0.710064635272
154,155,867,216,0.80055401662
155,156,802,281,0.7405355494
156,157,870,213,0.803324099723
157,158,770,313,0.710987996307
158,159,764,319,0.705447830102
159,160,796,287,0.734995383195
160,161,816,267,0.753462603878
161,162,862,221,0.79593721145
162,163,830,253,0.766389658356
163,164,870,213,0.803324099723
164,165,865,218,0.798707294552
165,166,854,229,0.788550323176
166,167,857,226,0.791320406279
167,168,774,309,0.714681440443
168,169,819,264,0.756232686981
169,170,611,472,0.564173591874
170,171,676,407,0.624192059095
171,172,822,261,0.759002770083
172,173,829,254,0.765466297322
173,174,769,314,0.710064635272
174,175,768,315,0.709141274238
175,176,813,270,0.750692520776
176,177,759,324,0.700831024931
177,178,788,295,0.727608494922
178,179,800,283,0.738688827331
179,180,760,323,0.701754385965
180,181,864,219,0.797783933518
181,182,780,303,0.720221606648
182,183,839,244,0.774699907664
183,184,856,227,0.790397045245
184,185,860,223,0.794090489381
185,186,835,248,0.771006463527
186,187,851,232,0.785780240074
187,188,820,263,0.757156048015
188,189,781,302,0.721144967682
189,190,745,338,0.687903970452
190,191,791,292,0.730378578024
191,192,750,333,0.692520775623
192,193,771,312,0.711911357341
193,194,800,283,0.738688827331
194,195,794,289,0.733148661127
195,196,801,282,0.739612188366
196,197,831,252,0.767313019391
197,198,806,277,0.744228993536
198,199,808,275,0.746075715605
199,200,850,233,0.78485687904
200,201,852,231,0.786703601108
201,202,858,225,0.792243767313
202,203,811,272,0.748845798707
203,204,798,285,0.736842105263
204,205,840,243,0.775623268698
205,206,816,267,0.753462603878
206,207,866,217,0.799630655586
207,208,758,325,0.699907663897
208,209,833,250,0.769159741459
209,210,754,329,0.69621421976
210,211,785,298,0.724838411819
211,212,793,290,0.732225300092
212,213,780,303,0.720221606648
213,214,816,267,0.753462603878
214,215,783,300,0.722991689751
215,216,827,256,0.763619575254
216,217,740,343,0.683287165282
217,218,701,382,0.647276084949
218,219,587,496,0.542012927054
219,220,853,230,0.787626962142
220,221,789,294,0.728531855956
221,222,689,394,0.636195752539
222,223,737,346,0.680517082179
223,224,737,346,0.680517082179
224,225,782,301,0.722068328717
225,226,748,335,0.690674053555
226,227,696,387,0.642659279778
227,228,635,448,0.586334256694
228,229,869,214,0.802400738689
229,230,765,318,0.706371191136
230,231,801,282,0.739612188366
231,232,856,227,0.790397045245
232,233,792,291,0.731301939058
233,234,850,233,0.78485687904
234,235,806,277,0.744228993536
235,236,732,351,0.675900277008
236,237,685,398,0.632502308403
237,238,703,380,0.649122807018
238,239,760,323,0.701754385965
239,240,753,330,0.695290858726
240,241,697,386,0.643582640813
241,242,766,317,0.70729455217
242,243,727,356,0.671283471837
243,244,777,306,0.717451523546
244,245,750,333,0.692520775623
245,246,799,284,0.737765466297
246,247,762,321,0.703601108033
247,248,728,355,0.672206832872
248,249,797,286,0.735918744229
249,250,716,367,0.661126500462
250,251,789,294,0.728531855956
251,252,804,279,0.742382271468
252,253,834,249,0.770083102493
253,254,889,194,0.820867959372
254,255,752,331,0.694367497692
255,256,710,373,0.655586334257
256,257,788,295,0.727608494922
257,258,709,374,0.654662973223
258,259,754,329,0.69621421976
259,260,784,299,0.723915050785
260,261,783,300,0.722991689751
261,262,756,327,0.698060941828
262,263,825,258,0.761772853186
263,264,810,273,0.747922437673
264,265,773,310,0.713758079409
265,266,775,308,0.715604801477
266,267,791,292,0.730378578024
267,268,802,281,0.7405355494
268,269,754,329,0.69621421976
269,270,704,379,0.650046168052
270,271,708,375,0.653739612188
271,272,715,368,0.660203139428
272,273,790,293,0.72945521699
273,274,788,295,0.727608494922
274,275,786,297,0.725761772853
275,276,856,227,0.790397045245
276,277,811,272,0.748845798707
277,278,806,277,0.744228993536
278,279,838,245,0.77377654663
279,280,827,256,0.763619575254
280,281,847,236,0.782086795937
281,282,868,215,0.801477377655
282,283,887,196,0.819021237304
283,284,845,238,0.780240073869
284,285,848,235,0.783010156971
285,286,865,218,0.798707294552
286,287,861,222,0.795013850416
287,288,832,251,0.768236380425
288,289,861,222,0.795013850416
289,290,886,197,0.81809787627
290,291,883,200,0.815327793167
291,292,875,208,0.807940904894
292,293,876,207,0.808864265928
293,294,842,241,0.777469990766
294,295,870,213,0.803324099723
295,296,874,209,0.80701754386
296,297,882,201,0.814404432133
297,298,842,241,0.777469990766
298,299,868,215,0.801477377655
299,300,853,230,0.787626962142
300,301,827,256,0.763619575254
301,302,860,223,0.794090489381
302,303,852,231,0.786703601108
303,304,854,229,0.788550323176
304,305,862,221,0.79593721145
305,306,869,214,0.802400738689
306,307,873,210,0.806094182825
307,308,903,180,0.83379501385
308,309,861,222,0.795013850416
309,310,859,224,0.793167128347
310,311,878,205,0.810710987996
311,312,870,213,0.803324099723
312,313,896,187,0.827331486611
313,314,914,169,0.843951985226
314,315,886,197,0.81809787627
315,316,870,213,0.803324099723
316,317,873,210,0.806094182825
317,318,838,245,0.77377654663
318,319,878,205,0.810710987996
319,320,858,225,0.792243767313
320,321,822,261,0.759002770083
321,322,904,179,0.834718374885
322,323,833,250,0.769159741459
323,324,848,235,0.783010156971
324,325,831,252,0.767313019391
325,326,850,233,0.78485687904
326,327,843,240,0.778393351801
327,328,731,352,0.674976915974
328,329,872,211,0.805170821791
329,330,847,236,0.782086795937
330,331,872,211,0.805170821791
331,332,890,193,0.821791320406
332,333,880,203,0.812557710065
333,334,899,184,0.830101569714
334,335,856,227,0.790397045245
335,336,844,239,0.779316712835
336,337,868,215,0.801477377655
337,338,866,217,0.799630655586
338,339,886,197,0.81809787627
339,340,896,187,0.827331486611
340,341,871,212,0.804247460757
341,342,860,223,0.794090489381
342,343,876,207,0.808864265928
343,344,865,218,0.798707294552
344,345,871,212,0.804247460757
345,346,885,198,0.817174515235
346,347,885,198,0.817174515235
347,348,870,213,0.803324099723
348,349,878,205,0.810710987996
349,350,878,205,0.810710987996
350,351,897,186,0.828254847645
351,352,899,184,0.830101569714
352,353,881,202,0.813481071099
353,354,923,160,0.852262234534
354,355,852,231,0.786703601108
355,356,876,207,0.808864265928
356,357,886,197,0.81809787627
357,358,904,179,0.834718374885
358,359,893,190,0.824561403509
359,360,897,186,0.828254847645
360,361,855,228,0.789473684211
361,362,889,194,0.820867959372
362,363,893,190,0.824561403509
363,364,877,206,0.809787626962
364,365,837,246,0.772853185596
365,366,841,242,0.776546629732
366,367,888,195,0.819944598338
367,368,903,180,0.83379501385
368,369,890,193,0.821791320406
369,370,876,207,0.808864265928
370,371,845,238,0.780240073869
371,372,889,194,0.820867959372
372,373,903,180,0.83379501385
373,374,910,173,0.84025854109
374,375,921,162,0.850415512465
375,376,841,242,0.776546629732
376,377,899,184,0.830101569714
377,378,925,158,0.854108956602
378,379,912,171,0.842105263158
379,380,921,162,0.850415512465
380,381,947,136,0.874422899354
381,382,854,229,0.788550323176
382,383,851,232,0.785780240074
383,384,893,190,0.824561403509
384,385,908,175,0.838411819021
385,386,897,186,0.828254847645
386,387,891,192,0.82271468144
387,388,927,156,0.85595567867
388,389,951,132,0.87811634349
389,390,911,172,0.841181902124
390,391,927,156,0.85595567867
391,392,904,179,0.834718374885
392,393,921,162,0.850415512465
393,394,928,155,0.856879039705
394,395,864,219,0.797783933518
395,396,897,186,0.828254847645
396,397,926,157,0.855032317636
397,398,906,177,0.836565096953
398,399,907,176,0.837488457987
