0,1,734,349,0.677746999077
1,2,744,339,0.686980609418
2,3,738,345,0.681440443213
3,4,788,295,0.727608494922
4,5,784,299,0.723915050785
5,6,753,330,0.695290858726
6,7,829,254,0.765466297322
7,8,837,246,0.772853185596
8,9,744,339,0.686980609418
9,10,834,249,0.770083102493
10,11,798,285,0.736842105263
11,12,823,260,0.759926131117
12,13,807,276,0.745152354571
13,14,787,296,0.726685133887
14,15,798,285,0.736842105263
15,16,815,268,0.752539242844
16,17,827,256,0.763619575254
17,18,788,295,0.727608494922
18,19,824,259,0.760849492151
19,20,878,205,0.810710987996
20,21,812,271,0.749769159741
21,22,886,197,0.81809787627
22,23,861,222,0.795013850416
23,24,865,218,0.798707294552
24,25,849,234,0.783933518006
25,26,817,266,0.754385964912
26,27,874,209,0.80701754386
27,28,874,209,0.80701754386
28,29,853,230,0.787626962142
29,30,833,250,0.769159741459
30,31,874,209,0.80701754386
31,32,861,222,0.795013850416
32,33,844,239,0.779316712835
33,34,849,234,0.783933518006
34,35,838,245,0.77377654663
35,36,870,213,0.803324099723
36,37,870,213,0.803324099723
37,38,852,231,0.786703601108
38,39,878,205,0.810710987996
39,40,848,235,0.783010156971
40,41,865,218,0.798707294552
41,42,829,254,0.765466297322
42,43,876,207,0.808864265928
43,44,873,210,0.806094182825
44,45,825,258,0.761772853186
45,46,837,246,0.772853185596
46,47,892,191,0.823638042475
47,48,871,212,0.804247460757
48,49,830,253,0.766389658356
49,50,882,201,0.814404432133
50,51,873,210,0.806094182825
51,52,890,193,0.821791320406
52,53,872,211,0.805170821791
53,54,872,211,0.805170821791
54,55,876,207,0.808864265928
55,56,859,224,0.793167128347
56,57,843,240,0.778393351801
57,58,839,244,0.774699907664
58,59,875,208,0.807940904894
59,60,830,253,0.766389658356
60,61,856,227,0.790397045245
61,62,856,227,0.790397045245
62,63,837,246,0.772853185596
63,64,837,246,0.772853185596
64,65,860,223,0.794090489381
65,66,820,263,0.757156048015
66,67,878,205,0.810710987996
67,68,878,205,0.810710987996
68,69,869,214,0.802400738689
69,70,858,225,0.792243767313
70,71,882,201,0.814404432133
71,72,871,212,0.804247460757
72,73,837,246,0.772853185596
73,74,856,227,0.790397045245
74,75,819,264,0.756232686981
75,76,843,240,0.778393351801
76,77,886,197,0.81809787627
77,78,867,216,0.80055401662
78,79,888,195,0.819944598338
79,80,856,227,0.790397045245
80,81,887,196,0.819021237304
81,82,870,213,0.803324099723
82,83,868,215,0.801477377655
83,84,897,186,0.828254847645
84,85,889,194,0.820867959372
85,86,880,203,0.812557710065
86,87,870,213,0.803324099723
87,88,891,192,0.82271468144
88,89,895,188,0.826408125577
89,90,849,234,0.783933518006
90,91,846,237,0.781163434903
91,92,893,190,0.824561403509
92,93,850,233,0.78485687904
93,94,890,193,0.821791320406
94,95,893,190,0.824561403509
95,96,884,199,0.816251154201
96,97,861,222,0.795013850416
97,98,901,182,0.831948291782
98,99,859,224,0.793167128347
99,100,893,190,0.824561403509
100,101,892,191,0.823638042475
101,102,896,187,0.827331486611
102,103,857,226,0.791320406279
103,104,888,195,0.819944598338
104,105,873,210,0.806094182825
105,106,878,205,0.810710987996
106,107,885,198,0.817174515235
107,108,813,270,0.750692520776
108,109,907,176,0.837488457987
109,110,882,201,0.814404432133
110,111,894,189,0.825484764543
111,112,859,224,0.793167128347
112,113,892,191,0.823638042475
113,114,907,176,0.837488457987
114,115,856,227,0.790397045245
115,116,881,202,0.813481071099
116,117,889,194,0.820867959372
117,118,935,148,0.863342566944
118,119,663,420,0.612188365651
119,120,702,381,0.648199445983
120,121,762,321,0.703601108033
121,122,818,265,0.755309325946
122,123,850,233,0.78485687904
123,124,737,346,0.680517082179
124,125,835,248,0.771006463527
125,126,792,291,0.731301939058
126,127,647,436,0.597414589104
127,128,788,295,0.727608494922
128,129,837,246,0.772853185596
129,130,752,331,0.694367497692
130,131,740,343,0.683287165282
131,132,763,320,0.704524469067
132,133,849,234,0.783933518006
133,134,746,337,0.688827331487
134,135,735,348,0.678670360111
135,136,777,306,0.717451523546
136,137,675,408,0.623268698061
137,138,717,366,0.662049861496
138,139,734,349,0.677746999077
139,140,811,272,0.748845798707
140,141,824,259,0.760849492151
141,142,780,303,0.720221606648
142,143,745,338,0.687903970452
143,144,815,268,0.752539242844
144,145,803,280,0.741458910434
145,146,826,257,0.76269621422
146,147,812,271,0.749769159741
147,148,842,241,0.777469990766
148,149,749,334,0.691597414589
149,150,796,287,0.734995383195
150,151,833,250,0.769159741459
151,152,725,358,0.669436749769
152,153,791,292,0.730378578024
153,154,777,306,0.717451523546
154,155,863,220,0.796860572484
155,156,806,277,0.744228993536
156,157,849,234,0.783933518006
157,158,767,316,0.708217913204
158,159,797,286,0.735918744229
159,160,843,240,0.778393351801
160,161,833,250,0.769159741459
161,162,876,207,0.808864265928
162,163,820,263,0.757156048015
163,164,864,219,0.797783933518
164,165,860,223,0.794090489381
165,166,855,228,0.789473684211
166,167,815,268,0.752539242844
167,168,769,314,0.710064635272
168,169,793,290,0.732225300092
169,170,642,441,0.592797783934
170,171,671,412,0.619575253924
171,172,810,273,0.747922437673
172,173,808,275,0.746075715605
173,174,704,379,0.650046168052
174,175,789,294,0.728531855956
175,176,765,318,0.706371191136
176,177,754,329,0.69621421976
177,178,803,280,0.741458910434
178,179,791,292,0.730378578024
179,180,770,313,0.710987996307
180,181,859,224,0.793167128347
181,182,735,348,0.678670360111
182,183,878,205,0.810710987996
183,184,854,229,0.788550323176
184,185,870,213,0.803324099723
185,186,813,270,0.750692520776
186,187,817,266,0.754385964912
187,188,837,246,0.772853185596
188,189,783,300,0.722991689751
189,190,790,293,0.72945521699
190,191,807,276,0.745152354571
191,192,786,297,0.725761772853
192,193,807,276,0.745152354571
193,194,796,287,0.734995383195
194,195,787,296,0.726685133887
195,196,813,270,0.750692520776
196,197,832,251,0.768236380425
197,198,810,273,0.747922437673
198,199,814,269,0.75161588181
199,200,840,243,0.775623268698
200,201,842,241,0.777469990766
201,202,854,229,0.788550323176
202,203,809,274,0.746999076639
203,204,832,251,0.768236380425
204,205,820,263,0.757156048015
205,206,850,233,0.78485687904
206,207,887,196,0.819021237304
207,208,779,304,0.719298245614
208,209,809,274,0.746999076639
209,210,775,308,0.715604801477
210,211,827,256,0.763619575254
211,212,828,255,0.764542936288
212,213,811,272,0.748845798707
213,214,808,275,0.746075715605
214,215,789,294,0.728531855956
215,216,862,221,0.79593721145
216,217,752,331,0.694367497692
217,218,661,422,0.610341643583
218,219,609,474,0.562326869806
219,220,837,246,0.772853185596
220,221,796,287,0.734995383195
221,222,703,380,0.649122807018
222,223,722,361,0.666666666667
223,224,749,334,0.691597414589
224,225,774,309,0.714681440443
225,226,741,342,0.684210526316
226,227,744,339,0.686980609418
227,228,680,403,0.627885503232
228,229,797,286,0.735918744229
229,230,771,312,0.711911357341
230,231,788,295,0.727608494922
231,232,849,234,0.783933518006
232,233,792,291,0.731301939058
233,234,855,228,0.789473684211
234,235,779,304,0.719298245614
235,236,768,315,0.709141274238
236,237,661,422,0.610341643583
237,238,690,393,0.637119113573
238,239,759,324,0.700831024931
239,240,739,344,0.682363804247
240,241,703,380,0.649122807018
241,242,746,337,0.688827331487
242,243,782,301,0.722068328717
243,244,801,282,0.739612188366
244,245,750,333,0.692520775623
245,246,789,294,0.728531855956
246,247,728,355,0.672206832872
247,248,712,371,0.657433056325
248,249,794,289,0.733148661127
249,250,757,326,0.698984302862
250,251,729,354,0.673130193906
251,252,791,292,0.730378578024
252,253,838,245,0.77377654663
253,254,879,204,0.81163434903
254,255,751,332,0.693444136657
255,256,704,379,0.650046168052
256,257,768,315,0.709141274238
257,258,626,457,0.578024007387
258,259,714,369,0.659279778393
259,260,771,312,0.711911357341
260,261,791,292,0.730378578024
261,262,767,316,0.708217913204
262,263,823,260,0.759926131117
263,264,797,286,0.735918744229
264,265,744,339,0.686980609418
265,266,741,342,0.684210526316
266,267,722,361,0.666666666667
267,268,806,277,0.744228993536
268,269,844,239,0.779316712835
269,270,783,300,0.722991689751
270,271,660,423,0.609418282548
271,272,730,353,0.67405355494
272,273,708,375,0.653739612188
273,274,754,329,0.69621421976
274,275,763,320,0.704524469067
275,276,847,236,0.782086795937
276,277,788,295,0.727608494922
277,278,866,217,0.799630655586
278,279,824,259,0.760849492151
279,280,835,248,0.771006463527
280,281,846,237,0.781163434903
281,282,855,228,0.789473684211
282,283,890,193,0.821791320406
283,284,854,229,0.788550323176
284,285,825,258,0.761772853186
285,286,888,195,0.819944598338
286,287,863,220,0.796860572484
287,288,842,241,0.777469990766
288,289,850,233,0.78485687904
289,290,880,203,0.812557710065
290,291,792,291,0.731301939058
291,292,790,293,0.72945521699
292,293,832,251,0.768236380425
293,294,869,214,0.802400738689
294,295,886,197,0.81809787627
295,296,883,200,0.815327793167
296,297,874,209,0.80701754386
297,298,867,216,0.80055401662
298,299,836,247,0.771929824561
299,300,815,268,0.752539242844
300,301,811,272,0.748845798707
301,302,853,230,0.787626962142
302,303,860,223,0.794090489381
303,304,863,220,0.796860572484
304,305,839,244,0.774699907664
305,306,892,191,0.823638042475
306,307,879,204,0.81163434903
307,308,908,175,0.838411819021
308,309,855,228,0.789473684211
309,310,844,239,0.779316712835
310,311,895,188,0.826408125577
311,312,859,224,0.793167128347
312,313,891,192,0.82271468144
313,314,914,169,0.843951985226
314,315,862,221,0.79593721145
315,316,806,277,0.744228993536
316,317,878,205,0.810710987996
317,318,839,244,0.774699907664
318,319,888,195,0.819944598338
319,320,855,228,0.789473684211
320,321,876,207,0.808864265928
321,322,913,170,0.843028624192
322,323,865,218,0.798707294552
323,324,871,212,0.804247460757
324,325,844,239,0.779316712835
325,326,851,232,0.785780240074
326,327,854,229,0.788550323176
327,328,711,372,0.656509695291
328,329,871,212,0.804247460757
329,330,842,241,0.777469990766
330,331,862,221,0.79593721145
331,332,873,210,0.806094182825
332,333,876,207,0.808864265928
333,334,874,209,0.80701754386
334,335,856,227,0.790397045245
335,336,839,244,0.774699907664
336,337,873,210,0.806094182825
337,338,854,229,0.788550323176
338,339,892,191,0.823638042475
339,340,900,183,0.831024930748
340,341,845,238,0.780240073869
341,342,866,217,0.799630655586
342,343,892,191,0.823638042475
343,344,889,194,0.820867959372
344,345,860,223,0.794090489381
345,346,856,227,0.790397045245
346,347,810,273,0.747922437673
347,348,859,224,0.793167128347
348,349,862,221,0.79593721145
349,350,884,199,0.816251154201
350,351,912,171,0.842105263158
351,352,892,191,0.823638042475
352,353,866,217,0.799630655586
353,354,903,180,0.83379501385
354,355,850,233,0.78485687904
355,356,888,195,0.819944598338
356,357,889,194,0.820867959372
357,358,884,199,0.816251154201
358,359,868,215,0.801477377655
359,360,892,191,0.823638042475
360,361,859,224,0.793167128347
361,362,880,203,0.812557710065
362,363,891,192,0.82271468144
363,364,885,198,0.817174515235
364,365,841,242,0.776546629732
365,366,809,274,0.746999076639
366,367,895,188,0.826408125577
367,368,908,175,0.838411819021
368,369,891,192,0.82271468144
369,370,873,210,0.806094182825
370,371,903,180,0.83379501385
371,372,888,195,0.819944598338
372,373,912,171,0.842105263158
373,374,896,187,0.827331486611
374,375,924,159,0.853185595568
375,376,884,199,0.816251154201
376,377,891,192,0.82271468144
377,378,925,158,0.854108956602
378,379,914,169,0.843951985226
379,380,909,174,0.839335180055
380,381,933,150,0.861495844875
381,382,889,194,0.820867959372
382,383,898,185,0.82917820868
383,384,917,166,0.846722068329
384,385,920,163,0.849492151431
385,386,914,169,0.843951985226
386,387,902,181,0.832871652816
387,388,922,161,0.8513388735
388,389,948,135,0.875346260388
389,390,883,200,0.815327793167
390,391,920,163,0.849492151431
391,392,933,150,0.861495844875
392,393,907,176,0.837488457987
393,394,934,149,0.86241920591
394,395,886,197,0.81809787627
395,396,880,203,0.812557710065
396,397,913,170,0.843028624192
397,398,888,195,0.819944598338
398,399,891,192,0.82271468144
