iteration,oracle_average,neural_network_average,speedup_average,oracle_std,neural_network_std,speedup_std
0,0.9982476822,0.8720537165,1.8639837929,0.0000000000,0.0657635194,0.4681317352
1,0.9996003449,0.6522676187,4.5446352502,0.0000000000,0.3371349879,9.3488771832
2,0.9960822723,0.8391353015,1.5859318258,0.0000000000,0.1142730566,0.4244604289
3,0.9997943412,0.6258943942,2.4098859216,0.0000000000,0.3067787938,3.7594200003
4,0.9976527166,0.8241526879,1.7136855444,0.0000000000,0.1438726653,0.5460558360
5,0.9965303933,0.8654682828,1.7190943487,0.0000000000,0.0721211865,0.4347655922
6,0.9965913662,0.8476065463,1.7197129532,0.0000000000,0.0683731120,0.3181997268
7,0.9961127024,0.9001198340,1.9269546139,0.0000000000,0.0772334034,0.4208782553
8,0.9968451903,0.7402172899,1.4950706541,0.0000000000,0.1622837225,0.6021034555
9,0.9972188668,0.8622692924,1.7245749686,0.0000000000,0.0749133502,0.4418548333
10,0.9982140895,0.9313028904,1.9598624181,0.0000000000,0.0441875476,0.6766828492
11,0.9946860054,0.9077771873,1.9401821200,0.0000000000,0.0715356376,0.3466915733
12,0.9953748368,0.8346972363,1.9083853303,0.0000000000,0.1342523686,0.7869779996
13,0.9949364840,0.8290841254,1.8066861280,0.0000000000,0.0747292235,0.4070650691
14,0.9992788095,0.8485661715,4.5435478064,0.0000000000,0.2595530369,3.9266990489
15,0.9995832461,0.7628996408,3.0766659201,0.0000000000,0.1660231486,4.2446597450
16,0.9950613449,0.8243081224,1.6718368418,0.0000000000,0.0730734512,0.3640933943
17,0.9952714655,0.7871441315,1.7520941380,0.0000000000,0.0728215180,0.8406914806
18,0.9957982090,0.7969834642,1.6083748261,0.0000000000,0.1413760112,0.3607068430
19,0.9922905443,0.8785218899,1.8669287293,0.0000000000,0.1053567790,0.4393004925
20,0.9934028343,0.8462245027,1.8559787173,0.0000000000,0.0883879169,0.5037313285
21,0.9973758345,0.8237907185,1.5381579224,0.0000000000,0.0938557566,0.2005654020
22,0.9945705824,0.8681119802,1.7888017524,0.0000000000,0.0994278460,0.2877751054
23,0.9975907599,0.7915744831,1.4269679662,0.0000000000,0.1630618101,0.4040558522
24,0.9959557203,0.8123701956,1.5536577538,0.0000000000,0.1125236073,0.1498791173
25,0.9969787137,0.6681747667,1.6998233214,0.0000000000,0.1711108068,1.0396976057
26,0.9975492421,0.8348915313,1.7212108893,0.0000000000,0.1434781844,0.4598882579
27,0.9982385163,0.8449477616,2.0772974411,0.0000000000,0.1739956735,0.9631020042
28,0.9961947591,0.7344090826,1.5277235571,0.0000000000,0.1635810741,0.4520330004
29,0.9960608327,0.8461702540,1.5318989399,0.0000000000,0.0959687816,0.3903685375
30,0.9970951343,0.8636499867,1.7494514783,0.0000000000,0.1042745695,0.3813109627
31,0.9984191152,0.8784701050,1.8895292819,0.0000000000,0.1493422796,0.5313275820
32,0.9949331675,0.9109591407,1.7344463260,0.0000000000,0.0879803501,0.4099580613
33,0.9965901895,0.8856198007,1.7889608790,0.0000000000,0.1037061782,0.3196125964
34,0.9961481302,0.8265681289,1.7372619167,0.0000000000,0.1172782566,0.4614698657
35,0.9954173717,0.9086646926,1.9526099541,0.0000000000,0.0683252584,0.4315928387
36,0.9959211421,0.9353631488,1.9582982583,0.0000000000,0.0561688873,0.4127819750
37,0.9940390943,0.8930606628,1.9757460840,0.0000000000,0.0802801843,0.5329181624
38,0.9974376546,0.8710617181,2.0855733638,0.0000000000,0.0619879017,0.4738774195
39,0.9945132808,0.8898134354,1.8839326601,0.0000000000,0.1069506401,0.5047677955
40,0.9947168945,0.9323490253,2.1117500922,0.0000000000,0.0716362304,0.9389057371
41,0.9942003655,0.8533804719,1.7081535860,0.0000000000,0.1020832745,0.2928106389
42,0.9971981871,0.9022387035,1.7724602156,0.0000000000,0.0728324088,0.4317890490
43,0.9942517815,0.9322512536,2.0021398833,0.0000000000,0.0429593295,0.4672695333
44,0.9933741628,0.9039392890,1.7222499245,0.0000000000,0.0460390275,0.4514440271
45,0.9936012439,0.8933208415,1.6293569956,0.0000000000,0.0745765767,0.3255547862
46,0.9966623953,0.8485495657,1.6714473871,0.0000000000,0.0793389469,0.2096202274
47,0.9946508045,0.8561755867,2.0918051208,0.0000000000,0.0742710364,0.4706488852
48,0.9895103250,0.8763295023,1.8563038075,0.0000000000,0.0832242300,0.3717281224
49,0.9954926459,0.8565290738,1.8174348076,0.0000000000,0.0890296027,0.2248518120
50,0.9954414677,0.8476171497,1.8675665264,0.0000000000,0.1171755670,0.4257934903
51,0.9960539914,0.9067433598,1.8441451807,0.0000000000,0.0742956537,0.3537092138
52,0.9953524179,0.8254923206,1.6438755143,0.0000000000,0.0975721615,0.3298695172
53,0.9920394376,0.8762664070,1.6960342406,0.0000000000,0.1129331924,0.3486383084
54,0.9932711287,0.9150118628,1.9430010099,0.0000000000,0.0413188018,0.2900169315
55,0.9935476162,0.9295946682,2.2410126088,0.0000000000,0.0527598613,0.6962588559
56,0.9950942086,0.9033168360,1.8275332045,0.0000000000,0.0617210018,0.8286026467
57,0.9916120177,0.9109941877,1.8356652705,0.0000000000,0.0653778373,0.5378904789
58,0.9924832962,0.8825697317,1.7262838423,0.0000000000,0.0898751663,0.3846345607
59,0.9927310488,0.8706011307,1.8380616766,0.0000000000,0.1156491823,0.4785725309
60,0.9934904514,0.9350918700,1.7754298650,0.0000000000,0.0346479423,0.3342593099
61,0.9942345476,0.8446262477,1.9750987392,0.0000000000,0.0768359165,0.6138786674
62,0.9943825794,0.8824710776,1.9559926927,0.0000000000,0.0745903207,0.2886443654
63,0.9952401415,0.8859433592,1.8013969011,0.0000000000,0.0510635852,0.2905043221
64,0.9940919905,0.8761829236,1.6474109825,0.0000000000,0.0842151775,0.3589282399
65,0.9932493739,0.8790976583,1.8917073258,0.0000000000,0.1047384537,0.2894990599
66,0.9939798243,0.8836388618,1.7565648772,0.0000000000,0.0745030042,0.4452399917
67,0.9948246660,0.8521492448,1.7013248802,0.0000000000,0.0826551243,0.1313660906
68,0.9943932719,0.8682764997,1.8307169178,0.0000000000,0.0712138921,0.6584138961
69,0.9945572865,0.9069041828,1.6783530116,0.0000000000,0.0591965562,0.3246263521
70,0.9961546315,0.8930707744,1.8947129332,0.0000000000,0.0520384769,0.4333936746
71,0.9959559573,0.8351457894,1.6380201489,0.0000000000,0.0958578251,0.1705190298
72,0.9940039477,0.8960601509,2.1286483826,0.0000000000,0.0543482852,0.7386794232
73,0.9929022082,0.9149187374,1.8618218373,0.0000000000,0.0561990138,0.3128637525
74,0.9962654321,0.8711145405,1.8651072034,0.0000000000,0.0734853944,0.5185369117
75,0.9950892687,0.8534774830,1.9309860129,0.0000000000,0.0653725954,0.3489975598
76,0.9949873698,0.8513095113,1.6196486101,0.0000000000,0.1104048382,0.3524029914
77,0.9997687980,0.8894844449,8.8106529661,0.0000000000,0.2319965871,19.6132025075
78,0.9997694811,0.8550082598,1.6401898614,0.0000000000,0.2075453223,0.7339020496
79,0.9924086085,0.8744758910,2.0397607590,0.0000000000,0.1135297674,0.5708288776
80,0.9937759336,0.9154158769,1.6063199384,0.0000000000,0.0664920737,0.3389240808
81,0.9941774764,0.8744636072,1.8109127304,0.0000000000,0.0596697386,0.3534225101
82,0.9954736952,0.8747025986,1.6322352003,0.0000000000,0.0962610539,0.3798262186
83,0.9944194845,0.9184204304,1.9397549155,0.0000000000,0.0712778179,0.5505587620
84,0.9951867603,0.9295743177,1.9100007618,0.0000000000,0.0451750677,0.2281381201
85,0.9971848828,0.8957976556,1.8065044732,0.0000000000,0.0741606442,0.4927010097
86,0.9949350769,0.8708853895,1.9989748954,0.0000000000,0.0919847109,0.5666390080
87,0.9946472446,0.8877871378,1.9108601537,0.0000000000,0.0821133923,0.3765477283
88,0.9953824898,0.9026040657,1.7256942457,0.0000000000,0.0895036909,0.2958580597
89,0.9933117662,0.9004680956,1.8036044774,0.0000000000,0.0603787438,0.4163212741
90,0.9947661802,0.8908651641,1.8198242705,0.0000000000,0.0823558907,0.3315510428
91,0.9954795313,0.8971342238,1.6707539387,0.0000000000,0.0951409457,0.2585246767
92,0.9951758588,0.9313329684,1.8322627262,0.0000000000,0.0703932894,0.3404692760
93,0.9976036744,0.9652273921,1.8672664517,0.0000000000,0.0318517848,0.3072115833
94,0.9962652743,0.9282062439,1.9009713285,0.0000000000,0.0322724427,0.3340768965
95,0.9940174114,0.9172018906,1.9749756049,0.0000000000,0.0795129919,0.4072498282
96,0.9915460065,0.8847942291,1.6815715288,0.0000000000,0.0681352736,0.2013951411
97,0.9961981523,0.9170310104,2.0748116236,0.0000000000,0.0791381039,0.5225837135
98,0.9932169325,0.8984493852,1.8074240484,0.0000000000,0.0598692516,0.2281289023
99,0.9917335278,0.9312586109,1.7269796613,0.0000000000,0.0390271950,0.4081206524
100,0.9964059854,0.9158670368,1.9817242769,0.0000000000,0.0956768585,0.2801906010
101,0.9950456613,0.9127937787,1.9288238185,0.0000000000,0.0637930710,0.2208976917
102,0.9932137664,0.9303893177,2.1457353023,0.0000000000,0.0387223133,0.5066559552
103,0.9943814622,0.9384103343,1.7734512804,0.0000000000,0.0494831710,0.2967166946
104,0.9962874681,0.8828607121,1.8836986002,0.0000000000,0.1255295302,0.7819064239
105,0.9942819097,0.9060866765,1.9791065209,0.0000000000,0.0529914378,0.7547185068
106,0.9968826299,0.8925706313,2.0543275050,0.0000000000,0.1363507094,0.9958921833
107,0.9929895394,0.8895291695,1.7305357759,0.0000000000,0.0508719955,0.3192537147
108,0.9940251148,0.8931947070,1.7066843238,0.0000000000,0.0552612873,0.1432258994
109,0.9947796610,0.8317099812,1.6794085626,0.0000000000,0.1009199488,0.2766601093
110,0.9996890014,0.8051297486,4.4814035807,0.0000000000,0.2523533648,7.7118873922
111,0.9944204402,0.9164162291,2.0852616784,0.0000000000,0.0541266600,0.3905088882
112,0.9966554349,0.9244782784,2.0031680722,0.0000000000,0.0313253342,0.6181915983
113,0.9950815697,0.9031785067,1.7048432008,0.0000000000,0.0838335993,0.3733608584
114,0.9929667041,0.9068088290,1.8335241637,0.0000000000,0.0814765993,0.3698663445
115,0.9958365055,0.7573171763,1.9402212384,0.0000000000,0.1980403301,0.7312557615
116,0.9962607013,0.8514631008,1.9529454361,0.0000000000,0.1124955856,0.3996159345
117,0.9968318382,0.8452149287,1.6432300156,0.0000000000,0.1110809278,0.4120936026
118,0.9911628632,0.7906436092,1.9368848192,0.0000000000,0.1813001581,0.7285694178
119,0.9907596063,0.6833236083,1.7287663684,0.0000000000,0.0848185188,0.7592215091
120,0.9927251155,0.7354745154,1.6160863999,0.0000000000,0.0936956948,0.3052719074
121,0.9961380535,0.7961158584,1.6327692954,0.0000000000,0.1022625636,0.2396302426
122,0.9964505952,0.7767061842,1.5631319299,0.0000000000,0.0992783948,0.2667990624
123,0.9838275598,0.7339462126,1.4388399864,0.0000000000,0.1257165026,0.3826442781
124,0.9968716720,0.8401686931,2.2120660756,0.0000000000,0.1294249674,0.9446022487
125,0.9950611538,0.8317028533,1.6826252550,0.0000000000,0.1582310863,0.5343486054
126,0.9993055099,0.5288523997,1.3624007971,0.0000000000,0.2619476799,0.8049641571
127,0.9944898521,0.8311615868,1.6572006132,0.0000000000,0.0727378827,0.3651620515
128,0.9970261697,0.7898096749,2.5794009970,0.0000000000,0.2308075846,1.4557160001
129,0.9914679036,0.6467844470,1.2894049623,0.0000000000,0.1408589041,0.4031045789
130,0.9942198398,0.7168977296,1.5433641727,0.0000000000,0.0896247395,0.4778011617
131,0.9945405777,0.8248316678,2.0626087989,0.0000000000,0.1543673811,0.9891670631
132,0.9956686169,0.7100702862,1.4744100159,0.0000000000,0.0785225508,0.3246212235
133,0.9995910906,0.8731877878,3.2222183530,0.0000000000,0.1994476773,4.6742031381
134,0.9932368804,0.7972332404,1.5852394212,0.0000000000,0.1073301517,0.1946197825
135,0.9938692098,0.8022013481,1.6128252156,0.0000000000,0.1306591155,0.3781899699
136,0.9887030777,0.7915801854,1.6022960642,0.0000000000,0.0772130297,0.2874333465
137,0.9961407389,0.8192541771,1.7106247501,0.0000000000,0.1668434113,0.4677256459
138,0.9945865838,0.7069116541,1.7939001789,0.0000000000,0.1139158890,0.4800466093
139,0.9949758644,0.8028984555,1.5717322873,0.0000000000,0.0909811717,0.2944992310
140,0.9947054931,0.8117986617,1.6799094289,0.0000000000,0.0714822014,0.2826836122
141,0.9952976639,0.8670384326,1.6069013696,0.0000000000,0.0546031355,0.2945698782
142,0.9935069009,0.7347448766,1.8246455247,0.0000000000,0.1497309620,0.6893317717
143,0.9976366322,0.6604365666,1.5948190508,0.0000000000,0.1083956457,0.6867692327
144,0.9991877673,0.9811682340,6.1828418215,0.0000000000,0.0140345678,5.7878299483
145,0.9997384838,0.8380910925,1.7419117345,0.0000000000,0.1900537546,1.1574485245
146,0.9963418756,0.6138359278,1.4744044676,0.0000000000,0.1893773336,0.3907893172
147,0.9976570101,0.7747861636,1.8229332197,0.0000000000,0.0940649844,0.3088146966
148,0.9961926212,0.8587496226,1.6397035923,0.0000000000,0.0848547277,0.4229239491
149,0.9961327277,0.8932426105,2.0289249418,0.0000000000,0.0604011980,0.4098434397
150,0.9971314284,0.9142792891,2.2323666779,0.0000000000,0.0737107761,0.9537831104
151,0.9859492639,0.7919084384,1.6901026165,0.0000000000,0.0557287848,0.3379193708
152,0.9955556659,0.8152415003,1.7410365703,0.0000000000,0.1012365330,0.4498708358
153,0.9972247129,0.8475758539,1.8894907693,0.0000000000,0.2191619438,0.5981286243
154,0.9922213579,0.9026558507,1.4833842687,0.0000000000,0.0252321086,0.3445300367
155,0.9889089871,0.8899942879,1.6332317140,0.0000000000,0.0296903385,0.2190065190
156,0.9899519829,0.9461899210,2.2415471569,0.0000000000,0.0383353157,1.3545760939
157,0.9995772071,0.6637994504,1.1947280108,0.0000000000,0.3214375914,0.8266338862
158,0.9961772042,0.7537685717,1.5026728300,0.0000000000,0.0762851822,0.2038371245
159,0.9947962119,0.7510980388,1.5705896599,0.0000000000,0.1196699350,0.3015069642
160,0.9938465203,0.8584479116,1.6707718691,0.0000000000,0.0981829711,0.4175888560
161,0.9996976322,0.8866477940,4.2869882343,0.0000000000,0.2115723394,5.5306043077
162,0.9926503431,0.8751866741,1.8145969142,0.0000000000,0.0615833087,0.6186635870
163,0.9935867579,0.8262970792,2.0768552081,0.0000000000,0.0470562182,0.4692309740
164,0.9985822105,0.5490244850,1.0415751162,0.0000000000,0.3667228731,0.4578040349
165,0.9977348293,0.7403060556,1.8592214574,0.0000000000,0.1865005690,0.6423471644
166,0.9973754006,0.6089960831,1.3233069224,0.0000000000,0.1583525762,0.5508388494
167,0.9955802285,0.7174003298,1.6583667490,0.0000000000,0.1379761195,0.8073606918
168,0.9934219139,0.7356183910,1.4696706349,0.0000000000,0.0549108667,0.2713355260
169,0.9902794654,0.4924311462,0.8489825495,0.0000000000,0.2302897252,0.4101287535
170,0.9732293933,0.7700561330,1.6561459125,0.0000000000,0.0790523088,0.1676490658
171,0.9985540858,0.9503521732,5.4509235925,0.0000000000,0.0323623360,5.4899977424
172,0.9926226101,0.8258828238,1.8896337384,0.0000000000,0.1067342622,0.3411755124
173,0.9951878493,0.8942357230,2.0805912547,0.0000000000,0.0487866200,0.5318883032
174,0.9969522916,0.8054611287,1.9107520318,0.0000000000,0.1662638787,0.8402603405
175,0.9963204688,0.9537385442,2.1118033317,0.0000000000,0.0276915224,0.8246988113
176,0.9997283312,0.8926043314,3.8399493767,0.0000000000,0.1529253820,4.9054111254
177,0.9969514620,0.8256589702,2.7260892212,0.0000000000,0.2206713728,1.1119255231
178,0.9962986368,0.8547841875,1.7109842119,0.0000000000,0.0863240492,0.2558351738
179,0.9960223381,0.8888596199,2.6912900916,0.0000000000,0.0857389713,1.5468522255
180,0.9990428005,0.9785393410,5.8472945175,0.0000000000,0.0055307167,6.1218150778
181,0.9996456678,0.7174603996,2.4653072543,0.0000000000,0.2549005283,2.0024517274
182,0.9966041108,0.9114123060,1.8294685770,0.0000000000,0.0692630009,0.2373128332
183,0.9965958606,0.5540244493,1.5109673770,0.0000000000,0.1381894782,0.4548395294
184,0.9958304378,0.7949495255,1.6884838081,0.0000000000,0.0875089580,0.2043859026
185,0.9940084326,0.8153216461,1.8383734204,0.0000000000,0.1354786236,0.6263704641
186,0.9912223159,0.8120867564,1.7080443537,0.0000000000,0.1381529216,0.4823902466
187,0.9962644638,0.7742615820,1.4635136229,0.0000000000,0.1248879912,0.3284885295
188,0.9950783266,0.6456128417,1.5678944126,0.0000000000,0.1221188241,0.4327565299
189,0.9969829486,0.5991540203,1.4881845752,0.0000000000,0.1617612819,0.5293992987
190,0.9975913452,0.7012837087,1.8029010114,0.0000000000,0.1675691835,0.9809370994
191,0.9995856663,0.8051386433,1.8064467493,0.0000000000,0.2090441917,0.9593788421
192,0.9951764478,0.8167111752,1.6786623239,0.0000000000,0.0828746834,0.3833528506
193,0.9980214450,0.8968492043,2.6032006386,0.0000000000,0.1172637266,1.0847389998
194,0.9928718814,0.7763563226,1.7323767353,0.0000000000,0.0684485424,0.2508977807
195,0.9937653815,0.8083456385,1.4375252416,0.0000000000,0.1027083543,0.1982478104
196,0.9965287420,0.8909275642,1.6871213315,0.0000000000,0.0308851604,0.3790754630
197,0.9956411188,0.7820640110,1.6397843574,0.0000000000,0.1305239764,0.4521138630
198,0.9974840130,0.6710114035,3.2407881287,0.0000000000,0.3208314995,2.6279295432
199,0.9995352363,0.8800740405,13.2615782356,0.0000000000,0.2898040970,13.6858231140
200,0.9940370669,0.7916435372,1.6005423339,0.0000000000,0.0784949487,0.3035183607
201,0.9976698242,0.8935295409,1.5475223909,0.0000000000,0.0626178907,0.5032126763
202,0.9958985831,0.7696879308,1.5156828002,0.0000000000,0.0598878339,0.2105823077
203,0.9943721634,0.8218826694,1.5903927345,0.0000000000,0.0601855409,0.3519648113
204,0.9993628979,0.9290819409,2.8001683453,0.0000000000,0.0417712339,1.9529004454
205,0.9966292135,0.7748852071,1.6983769599,0.0000000000,0.2296284876,0.5920534675
206,0.9984785717,0.6964251527,1.4393675497,0.0000000000,0.1569269499,0.5547446382
207,0.9971528258,0.6648435243,1.4866161011,0.0000000000,0.1827019404,1.0209795595
208,0.9938858971,0.8369617542,1.7074369870,0.0000000000,0.0767152144,0.3808932350
209,0.9876518542,0.7384821682,1.5845982686,0.0000000000,0.0916570081,0.3353874182
210,0.9958076660,0.6655544148,1.3738356950,0.0000000000,0.1707795510,0.2671256414
211,0.9956875267,0.8531893648,1.5522608127,0.0000000000,0.0952922151,0.2946014129
212,0.9972648281,0.7390723251,1.6110284757,0.0000000000,0.0943160932,0.4531877416
213,0.9990498893,0.4879693739,1.1620577561,0.0000000000,0.2813275301,0.8559682474
214,0.9966560474,0.7882590107,1.6105820394,0.0000000000,0.1039883532,0.5143224335
215,0.9997553370,0.8900845062,6.0100725303,0.0000000000,0.1296129018,8.2331613363
216,0.9995026002,0.6851494774,4.8629920451,0.0000000000,0.2600658369,6.4565083708
217,0.9992597675,0.8847475037,4.1605331361,0.0000000000,0.2156412396,6.8313390069
218,0.9951185495,0.4879621881,1.3193615117,0.0000000000,0.1056599929,0.6484015089
219,0.9912437755,0.8514892109,2.0101627775,0.0000000000,0.2132449578,0.9029687416
220,0.9967096469,0.5577559792,1.7607124455,0.0000000000,0.1927216443,1.5934476933
221,0.9981436812,0.4422595525,1.0310546918,0.0000000000,0.1095366716,0.3735018929
222,0.9974727615,0.5833335788,1.1842210061,0.0000000000,0.1882011617,0.4635958253
223,0.9987739917,0.7683741533,3.7882995095,0.0000000000,0.3606049928,5.4037844481
224,0.9932229384,0.8545706594,1.7067487530,0.0000000000,0.0672668146,0.2234136614
225,0.9980562501,0.4949099507,0.9950465296,0.0000000000,0.2762780862,0.3765284441
226,0.9892104638,0.7503176165,1.5037901873,0.0000000000,0.1050755049,0.5412288593
227,0.9995506244,0.9623412189,2.6581311820,0.0000000000,0.0346520013,1.4999182318
228,0.9957303991,0.7278335965,2.0935161357,0.0000000000,0.2522331025,1.3855513599
229,0.9935233586,0.8263398027,1.6178058472,0.0000000000,0.1178490398,0.3240329567
230,0.9927689256,0.7718229844,1.5112218722,0.0000000000,0.1114409624,0.2502152288
231,0.9911875471,0.8950567690,2.0563579999,0.0000000000,0.0892550638,1.2014990755
232,0.9985996096,0.9650616401,10.1328070059,0.0000000000,0.0181976424,5.1240267620
233,0.9920776449,0.7866323657,1.4583304292,0.0000000000,0.1264151432,0.2099166914
234,0.9993393019,0.9237939916,5.8062583035,0.0000000000,0.1178546756,9.0374866688
235,0.9884285033,0.7324284679,1.6845985600,0.0000000000,0.1134782240,0.5221132543
236,0.9985131550,0.8127276873,2.0552595318,0.0000000000,0.1909765948,1.4911547117
237,0.9991332630,0.7104276438,2.5565104880,0.0000000000,0.2360589130,1.5593999255
238,0.9996274260,0.9651315717,12.1591482753,0.0000000000,0.0097054852,12.6074622181
239,0.9908053023,0.8225593611,1.8225411714,0.0000000000,0.0619745545,0.7011058065
240,0.9990976785,0.8112389482,6.5863414898,0.0000000000,0.2082947271,7.8032117420
241,0.9856719920,0.7499596569,1.6707328395,0.0000000000,0.0742441760,0.4678354695
242,0.9892244898,0.7544888889,1.6230072401,0.0000000000,0.0547372013,0.3126721706
243,0.9929274749,0.7534686195,2.1993602539,0.0000000000,0.1511481910,0.7421957106
244,0.9937222734,0.5172319721,1.8141376921,0.0000000000,0.1339437107,0.8229046182
245,0.9995485248,0.6096133600,1.2960790726,0.0000000000,0.2524488501,0.6845876514
246,0.9982253961,0.7045961529,1.3694534768,0.0000000000,0.2795551410,0.6331914902
247,0.9997631105,0.6707156590,35.1466142202,0.0000000000,0.2903373005,62.1680464525
248,0.9907672372,0.7895901949,1.6454838656,0.0000000000,0.0912836864,0.3104866635
249,0.9873034102,0.6722954172,1.5291922624,0.0000000000,0.1435120664,0.1846235130
250,0.9921507064,0.8122377156,1.6050826057,0.0000000000,0.1095952053,0.2706812054
251,0.9929647714,0.8654672944,1.7623872691,0.0000000000,0.0891101951,0.4731549407
252,0.9871199004,0.8847507856,2.3137148750,0.0000000000,0.1044820511,1.4564865239
253,0.9872237247,0.8987983600,1.9293433583,0.0000000000,0.0670248388,0.7219289402
254,0.9943555349,0.7659612930,1.4779603081,0.0000000000,0.0648721933,0.3163980168
255,0.9915747034,0.7359786582,1.5478688030,0.0000000000,0.1167071923,0.3009598949
256,0.9834534604,0.8943441232,2.1023710795,0.0000000000,0.0165584198,1.0047909420
257,0.9720049870,0.7278388555,1.3815878070,0.0000000000,0.0884479746,0.1623495535
258,0.9919167826,0.8506592460,1.6411501267,0.0000000000,0.0885791782,0.4118421313
259,0.9995885822,0.6880928643,1.7139328998,0.0000000000,0.2158445675,1.0101342740
260,0.9996523724,0.8780636241,5.9729389981,0.0000000000,0.1963696988,7.5251794213
261,0.9924368953,0.7865243683,1.6695002624,0.0000000000,0.0869403988,0.3101242007
262,0.9905160597,0.8855793889,1.7824574570,0.0000000000,0.0524342605,0.3142710188
263,0.9962985696,0.7837814937,1.6534802105,0.0000000000,0.1135060785,0.4641757011
264,0.9943072415,0.7912624219,1.8036458723,0.0000000000,0.1298870368,0.7305644299
265,0.9994577368,0.8282283998,4.9155789879,0.0000000000,0.1911473725,8.5483681555
266,0.9968987074,0.7941063683,1.7956801638,0.0000000000,0.1815264071,0.7917681212
267,0.9985441692,0.9561686878,4.8094344126,0.0000000000,0.0200229038,3.4809159127
268,0.9956341240,0.8321065135,2.7647777856,0.0000000000,0.1794806858,1.1547570088
269,0.9901826427,0.8034424428,1.6770855400,0.0000000000,0.0644464125,0.4265404493
270,0.9994351843,0.6758286456,7.1729043254,0.0000000000,0.4389678254,13.5642562100
271,0.9979405941,0.5452643931,0.8974630572,0.0000000000,0.2333704649,0.3501433567
272,0.9934075564,0.7985111124,1.8185050471,0.0000000000,0.1131623390,0.8116092219
273,0.9940766953,0.7845900056,1.7613609034,0.0000000000,0.0738418613,0.2593614096
274,0.9924463989,0.7808777701,1.5146264799,0.0000000000,0.0620215401,0.2825519575
275,0.9928204691,0.9311044358,2.1231631264,0.0000000000,0.0385317134,0.6310446162
276,0.9977214377,0.8427087791,2.4056619613,0.0000000000,0.1358600196,1.7418817395
277,0.9950925204,0.7887217780,2.0506208501,0.0000000000,0.1159967530,0.7028962305
278,0.9926400687,0.8639332700,1.7048787497,0.0000000000,0.0766233716,0.3259219672
279,0.9935914642,0.8858542478,1.6592456919,0.0000000000,0.0489084866,0.2194369900
280,0.9919131055,0.8183443889,1.9272791124,0.0000000000,0.0961924043,0.5078648133
281,0.9955391478,0.8742894256,1.5954623449,0.0000000000,0.0856216852,0.2477823761
282,0.9950978585,0.8307962601,2.0495850829,0.0000000000,0.0970480520,0.6926758986
283,0.9948447428,0.8427613262,1.8067519226,0.0000000000,0.0711216995,0.3990990876
284,0.9990495882,0.8769584104,3.8694470735,0.0000000000,0.1119781247,4.3984237159
285,0.9954353821,0.8426897433,1.8110953950,0.0000000000,0.0583026426,0.7553144686
286,0.9940208751,0.8369622820,1.4610587458,0.0000000000,0.0673647454,0.2183389794
287,0.9927645463,0.8462178963,1.6929005238,0.0000000000,0.0745491385,0.3158522689
288,0.9948640937,0.7723648863,2.0192906721,0.0000000000,0.0988419250,0.7971896039
289,0.9928524793,0.7712220657,1.5408249062,0.0000000000,0.0948844387,0.2513666239
290,0.9944308181,0.6979881050,1.5661601943,0.0000000000,0.1084743065,0.3447228384
291,0.9916248584,0.7590000180,1.7753755065,0.0000000000,0.0907243697,0.8559820414
292,0.9926427425,0.7864916926,1.7711072667,0.0000000000,0.1148978166,0.4547760158
293,0.9944732078,0.8378207639,1.7680333251,0.0000000000,0.0494755306,0.4198414672
294,0.9949323101,0.7683100461,1.4527516989,0.0000000000,0.0903428784,0.3032651268
295,0.9947168741,0.8755687929,2.0854802024,0.0000000000,0.0664073896,0.9397332875
296,0.9954491425,0.8568555310,1.7381041020,0.0000000000,0.0566285976,0.3609927792
297,0.9943659827,0.8119710178,1.9928642091,0.0000000000,0.0955390246,0.8000821554
298,0.9996424325,0.8315454959,6.5179940578,0.0000000000,0.1987117380,9.6281015708
299,0.9940710721,0.8293285969,1.4542961882,0.0000000000,0.1008597040,0.1907328843
300,0.9948547938,0.7213779487,1.4482369476,0.0000000000,0.1184130117,0.4720265731
301,0.9950342598,0.8578305575,1.8699342536,0.0000000000,0.0937547971,0.5943903404
302,0.9952961864,0.6664834964,1.7857985302,0.0000000000,0.1513003685,0.7675518806
303,0.9954538329,0.7236617174,1.5690787982,0.0000000000,0.1978001934,0.7934172670
304,0.9954636280,0.7151026384,1.7914346327,0.0000000000,0.1035060281,1.0730868256
305,0.9974166437,0.7854034628,1.3535802406,0.0000000000,0.2150523497,0.3451688706
306,0.9955031876,0.7213241247,1.7443276051,0.0000000000,0.0951677357,0.6666927358
307,0.9949389699,0.7758724488,1.4942698930,0.0000000000,0.1656593868,0.3474394517
308,0.9945944492,0.7597025005,1.8282394844,0.0000000000,0.0903433646,0.8169857841
309,0.9965755065,0.7152455152,1.2941130397,0.0000000000,0.0977100148,0.1641028814
310,0.9952261677,0.7966995727,2.0643917741,0.0000000000,0.0996055168,0.9221166585
311,0.9948801801,0.8334524682,1.5211671430,0.0000000000,0.1176616784,0.3878737392
312,0.9964992001,0.7630095029,1.7645901559,0.0000000000,0.1695895921,0.8988352027
313,0.9952916327,0.6312096788,1.7347590778,0.0000000000,0.1732266008,0.9472820152
314,0.9968941162,0.7751431194,1.3756782664,0.0000000000,0.1667653463,0.3437627351
315,0.9944279346,0.9073523747,1.8494059528,0.0000000000,0.0506177780,0.2967816421
316,0.9936464388,0.7719456578,1.6989470462,0.0000000000,0.1284330978,0.6118052231
317,0.9933589950,0.8771202572,2.0921941748,0.0000000000,0.0733030333,0.8938333896
318,0.9958553021,0.8355497912,1.7664714747,0.0000000000,0.0739544375,0.4392193680
319,0.9934212746,0.7879513737,1.7066354124,0.0000000000,0.1068368411,0.3776831231
320,0.9952082681,0.8772349236,1.9496847489,0.0000000000,0.0583062508,0.6234071418
321,0.9965880385,0.7217064182,1.9627709817,0.0000000000,0.1416279168,0.5199236955
322,0.9961606309,0.8150098578,1.6647621535,0.0000000000,0.1708069996,0.3940180031
323,0.9958386863,0.8418235305,1.6971065084,0.0000000000,0.0845635017,0.2990873216
324,0.9955744252,0.7961796935,1.7969000036,0.0000000000,0.0829323895,0.3453139798
325,0.9942490353,0.8492257841,2.0098609357,0.0000000000,0.0606553413,0.4215512389
326,0.9942336442,0.8155873536,1.7064555502,0.0000000000,0.0940469102,0.4413564516
327,0.9998913988,0.8344215577,2.9488236459,0.0000000000,0.2511863094,2.7857111493
328,0.9934568862,0.8717392500,1.9715624236,0.0000000000,0.0604079476,0.2933815949
329,0.9975049743,0.7959342661,2.1144497965,0.0000000000,0.2130259582,1.3850503105
330,0.9944444444,0.8471717905,1.9183869919,0.0000000000,0.0670071734,0.4982648343
331,0.9969457815,0.9319628716,2.1607999712,0.0000000000,0.0532335181,0.5767193907
332,0.9944966246,0.8362766200,1.7796704841,0.0000000000,0.1020598995,0.4261527608
333,0.9939642948,0.8754842906,1.9548595023,0.0000000000,0.0852184948,0.4831660147
334,0.9943009611,0.8937417069,2.3724484824,0.0000000000,0.1022853457,0.8716307907
335,0.9926632428,0.8459185092,1.7548392398,0.0000000000,0.0904654078,0.3584980691
336,0.9948946837,0.8203152864,1.8462907918,0.0000000000,0.0948984352,0.7015204651
337,0.9934697725,0.8842661161,2.0096404415,0.0000000000,0.0622914332,0.2815164778
338,0.9956076135,0.8036995134,1.9684304011,0.0000000000,0.0941095425,0.4397710492
339,0.9964633068,0.7698631987,1.6277073707,0.0000000000,0.1235115945,0.3859832295
340,0.9938916138,0.7040491881,1.5787860698,0.0000000000,0.1347046628,0.5977309029
341,0.9996405416,0.7989324061,9.1327297034,0.0000000000,0.2128513142,14.1356332460
342,0.9938751069,0.8518886037,1.8601643677,0.0000000000,0.0754163354,0.3259154372
343,0.9943863861,0.8635197477,1.9781466265,0.0000000000,0.0844135729,0.9452315655
344,0.9925586290,0.8280467027,1.7703050113,0.0000000000,0.1281651730,0.2952376354
345,0.9954754187,0.8849570803,1.8575833305,0.0000000000,0.0708264059,0.4176186006
346,0.9932054742,0.8898151718,2.2252981767,0.0000000000,0.0677611120,0.4385391053
347,0.9947706128,0.8109186183,1.8207699803,0.0000000000,0.1992737870,0.6937654849
348,0.9957738903,0.8270140899,1.8355206434,0.0000000000,0.0921438296,0.4409817857
349,0.9939237973,0.9030190388,1.7506221921,0.0000000000,0.0780894140,0.6616114191
350,0.9945004583,0.7996773865,1.8035043714,0.0000000000,0.1402477887,0.7123070349
351,0.9965981075,0.8239292511,1.7223051393,0.0000000000,0.1157100508,0.2560181930
352,0.9940937084,0.7945842987,1.4496894799,0.0000000000,0.1284926855,0.3414359243
353,0.9961589637,0.8235717454,1.7851719064,0.0000000000,0.1253663637,0.5038418377
354,0.9941920055,0.8187753863,1.7767758848,0.0000000000,0.0825758566,0.2910136274
355,0.9909005951,0.8481465086,2.3023834659,0.0000000000,0.0763145574,1.1425346981
356,0.9961750350,0.9205225549,2.4390507153,0.0000000000,0.0450530843,1.0320065754
357,0.9951917540,0.8339411622,1.9550607638,0.0000000000,0.1005940562,0.6945347122
358,0.9929058448,0.8020511743,1.6303448772,0.0000000000,0.1115520646,0.3781642189
359,0.9929209570,0.8220691164,1.8589287813,0.0000000000,0.0476617959,0.5139245382
360,0.9928225170,0.8695693928,1.8811352717,0.0000000000,0.0631014577,0.4851301097
361,0.9949194253,0.8436576610,1.8400902466,0.0000000000,0.0832122764,0.4969091401
362,0.9965060195,0.7881246862,1.5874948328,0.0000000000,0.1101911330,0.3193882250
363,0.9948476419,0.8322972422,1.7779732083,0.0000000000,0.1005444145,0.5630232290
364,0.9941085762,0.8905539520,2.2083832360,0.0000000000,0.0751959697,0.4677084167
365,0.9927960378,0.8937961333,1.7736879667,0.0000000000,0.0815537107,0.7425636499
366,0.9951234914,0.8405603892,1.6386442092,0.0000000000,0.0945944762,0.2696284140
367,0.9959825204,0.8661466654,2.2419456867,0.0000000000,0.0682438171,0.7319645550
368,0.9938940558,0.8726513007,1.6498770283,0.0000000000,0.0595331046,0.2709749348
369,0.9914808773,0.8733359515,1.9468316452,0.0000000000,0.0823448196,0.5168674507
370,0.9951321280,0.8359643023,1.6363697915,0.0000000000,0.0828775718,0.3054396555
371,0.9937459971,0.9391427746,2.0172665280,0.0000000000,0.0384916473,0.7379261560
372,0.9945098606,0.8966465201,2.0972278288,0.0000000000,0.0529697813,0.6334881579
373,0.9960240705,0.7819208635,1.8727395180,0.0000000000,0.0860310091,0.8694951866
374,0.9931600547,0.8839217858,1.7979731759,0.0000000000,0.0813155287,0.6331147279
375,0.9939549520,0.8796280961,2.1685044855,0.0000000000,0.0626610054,0.7247004912
376,0.9956213258,0.8603238958,1.9890682433,0.0000000000,0.1026992474,0.3929910873
377,0.9974112127,0.8942192739,2.1288436525,0.0000000000,0.0692584595,0.5209562835
378,0.9942840694,0.9145169102,1.8102243361,0.0000000000,0.0735719805,0.5048779582
379,0.9950999763,0.8850733686,1.9414643310,0.0000000000,0.0713558007,0.7504007023
380,0.9968786709,0.9245063489,2.3202442254,0.0000000000,0.0577231298,0.6592560064
381,0.9932771868,0.8144905766,1.9962112845,0.0000000000,0.1144000970,0.7395230932
382,0.9944207899,0.8663926002,2.1282001940,0.0000000000,0.0824657362,0.6117339095
383,0.9955204527,0.8867058736,1.8670870090,0.0000000000,0.0634223440,0.6331560453
384,0.9963897652,0.8178097130,1.7897570901,0.0000000000,0.1151093687,0.4209096066
385,0.9953826078,0.8590282657,1.9048058473,0.0000000000,0.0979545914,0.3696051479
386,0.9949733631,0.8171316186,2.0266028473,0.0000000000,0.1096244354,0.7246922749
387,0.9929276316,0.8934210526,1.5913045201,0.0000000000,0.0709298179,0.3170049558
388,0.9962241208,0.8631830448,1.8012386745,0.0000000000,0.0839636898,0.4294329723
389,0.9961301370,0.8262557078,2.0924623804,0.0000000000,0.1045028546,0.8848555705
390,0.9960785792,0.8200042733,1.6920250968,0.0000000000,0.1176223984,0.2823212024
391,0.9984210526,0.8722846004,1.7713940757,0.0000000000,0.1116336172,0.4961102049
392,0.9953219332,0.8272838062,1.7446055251,0.0000000000,0.1283001309,0.3870106927
393,0.9951903397,0.8445293431,1.9224851836,0.0000000000,0.1018536616,0.4489589064
394,0.9952734088,0.8751029980,1.7777348659,0.0000000000,0.0717846868,0.3363655775
395,0.9953854774,0.8781766044,2.2413024986,0.0000000000,0.0837416627,0.7578840152
396,0.9946609111,0.8873868757,1.9662228476,0.0000000000,0.0549221211,0.7626911635
397,0.9944753577,0.8805892289,2.9234314988,0.0000000000,0.0597414964,1.4223624781
398,0.9971235648,0.7293621871,1.7121123536,0.0000000000,0.1404399833,0.7522781892
399,0.9951772749,0.8891435688,2.1188851431,0.0000000000,0.0860344656,0.7835785785
