0,1,834,249,0.770083102493
1,2,787,296,0.726685133887
2,3,746,337,0.688827331487
3,4,805,278,0.743305632502
4,5,804,279,0.742382271468
5,6,857,226,0.791320406279
6,7,848,235,0.783010156971
7,8,865,218,0.798707294552
8,9,825,258,0.761772853186
9,10,836,247,0.771929824561
10,11,875,208,0.807940904894
11,12,854,229,0.788550323176
12,13,827,256,0.763619575254
13,14,828,255,0.764542936288
14,15,822,261,0.759002770083
15,16,842,241,0.777469990766
16,17,842,241,0.777469990766
17,18,833,250,0.769159741459
18,19,834,249,0.770083102493
19,20,885,198,0.817174515235
20,21,841,242,0.776546629732
21,22,876,207,0.808864265928
22,23,861,222,0.795013850416
23,24,852,231,0.786703601108
24,25,834,249,0.770083102493
25,26,858,225,0.792243767313
26,27,881,202,0.813481071099
27,28,782,301,0.722068328717
28,29,869,214,0.802400738689
29,30,828,255,0.764542936288
30,31,876,207,0.808864265928
31,32,897,186,0.828254847645
32,33,851,232,0.785780240074
33,34,867,216,0.80055401662
34,35,861,222,0.795013850416
35,36,857,226,0.791320406279
36,37,882,201,0.814404432133
37,38,873,210,0.806094182825
38,39,886,197,0.81809787627
39,40,875,208,0.807940904894
40,41,883,200,0.815327793167
41,42,852,231,0.786703601108
42,43,888,195,0.819944598338
43,44,881,202,0.813481071099
44,45,854,229,0.788550323176
45,46,847,236,0.782086795937
46,47,893,190,0.824561403509
47,48,887,196,0.819021237304
48,49,840,243,0.775623268698
49,50,850,233,0.78485687904
50,51,871,212,0.804247460757
51,52,881,202,0.813481071099
52,53,877,206,0.809787626962
53,54,866,217,0.799630655586
54,55,884,199,0.816251154201
55,56,869,214,0.802400738689
56,57,854,229,0.788550323176
57,58,846,237,0.781163434903
58,59,870,213,0.803324099723
59,60,850,233,0.78485687904
60,61,866,217,0.799630655586
61,62,879,204,0.81163434903
62,63,822,261,0.759002770083
63,64,876,207,0.808864265928
64,65,889,194,0.820867959372
65,66,869,214,0.802400738689
66,67,879,204,0.81163434903
67,68,867,216,0.80055401662
68,69,896,187,0.827331486611
69,70,866,217,0.799630655586
70,71,892,191,0.823638042475
71,72,890,193,0.821791320406
72,73,851,232,0.785780240074
73,74,844,239,0.779316712835
74,75,876,207,0.808864265928
75,76,841,242,0.776546629732
76,77,891,192,0.82271468144
77,78,862,221,0.79593721145
78,79,873,210,0.806094182825
79,80,869,214,0.802400738689
80,81,896,187,0.827331486611
81,82,882,201,0.814404432133
82,83,852,231,0.786703601108
83,84,875,208,0.807940904894
84,85,908,175,0.838411819021
85,86,892,191,0.823638042475
86,87,882,201,0.814404432133
87,88,900,183,0.831024930748
88,89,907,176,0.837488457987
89,90,849,234,0.783933518006
90,91,859,224,0.793167128347
91,92,857,226,0.791320406279
92,93,856,227,0.790397045245
93,94,886,197,0.81809787627
94,95,891,192,0.82271468144
95,96,886,197,0.81809787627
96,97,868,215,0.801477377655
97,98,908,175,0.838411819021
98,99,867,216,0.80055401662
99,100,884,199,0.816251154201
100,101,918,165,0.847645429363
101,102,913,170,0.843028624192
102,103,872,211,0.805170821791
103,104,864,219,0.797783933518
104,105,826,257,0.76269621422
105,106,888,195,0.819944598338
106,107,882,201,0.814404432133
107,108,852,231,0.786703601108
108,109,895,188,0.826408125577
109,110,863,220,0.796860572484
110,111,829,254,0.765466297322
111,112,880,203,0.812557710065
112,113,866,217,0.799630655586
113,114,903,180,0.83379501385
114,115,849,234,0.783933518006
115,116,870,213,0.803324099723
116,117,851,232,0.785780240074
117,118,876,207,0.808864265928
118,119,687,396,0.634349030471
119,120,671,412,0.619575253924
120,121,733,350,0.676823638042
121,122,769,314,0.710064635272
122,123,833,250,0.769159741459
123,124,692,391,0.638965835642
124,125,782,301,0.722068328717
125,126,737,346,0.680517082179
126,127,627,456,0.578947368421
127,128,793,290,0.732225300092
128,129,780,303,0.720221606648
129,130,695,388,0.641735918744
130,131,736,347,0.679593721145
131,132,715,368,0.660203139428
132,133,826,257,0.76269621422
133,134,745,338,0.687903970452
134,135,703,380,0.649122807018
135,136,731,352,0.674976915974
136,137,650,433,0.600184672207
137,138,737,346,0.680517082179
138,139,715,368,0.660203139428
139,140,777,306,0.717451523546
140,141,789,294,0.728531855956
141,142,778,305,0.71837488458
142,143,736,347,0.679593721145
143,144,819,264,0.756232686981
144,145,825,258,0.761772853186
145,146,808,275,0.746075715605
146,147,769,314,0.710064635272
147,148,820,263,0.757156048015
148,149,733,350,0.676823638042
149,150,744,339,0.686980609418
150,151,792,291,0.731301939058
151,152,725,358,0.669436749769
152,153,759,324,0.700831024931
153,154,742,341,0.68513388735
154,155,853,230,0.787626962142
155,156,800,283,0.738688827331
156,157,866,217,0.799630655586
157,158,739,344,0.682363804247
158,159,751,332,0.693444136657
159,160,839,244,0.774699907664
160,161,812,271,0.749769159741
161,162,828,255,0.764542936288
162,163,813,270,0.750692520776
163,164,856,227,0.790397045245
164,165,848,235,0.783010156971
165,166,832,251,0.768236380425
166,167,805,278,0.743305632502
167,168,735,348,0.678670360111
168,169,760,323,0.701754385965
169,170,584,499,0.539242843952
170,171,670,413,0.61865189289
171,172,813,270,0.750692520776
172,173,787,296,0.726685133887
173,174,788,295,0.727608494922
174,175,793,290,0.732225300092
175,176,749,334,0.691597414589
176,177,751,332,0.693444136657
177,178,806,277,0.744228993536
178,179,783,300,0.722991689751
179,180,808,275,0.746075715605
180,181,860,223,0.794090489381
181,182,748,335,0.690674053555
182,183,854,229,0.788550323176
183,184,838,245,0.77377654663
184,185,807,276,0.745152354571
185,186,849,234,0.783933518006
186,187,827,256,0.763619575254
187,188,824,259,0.760849492151
188,189,816,267,0.753462603878
189,190,764,319,0.705447830102
190,191,751,332,0.693444136657
191,192,782,301,0.722068328717
192,193,804,279,0.742382271468
193,194,828,255,0.764542936288
194,195,782,301,0.722068328717
195,196,726,357,0.670360110803
196,197,819,264,0.756232686981
197,198,796,287,0.734995383195
198,199,795,288,0.734072022161
199,200,858,225,0.792243767313
200,201,842,241,0.777469990766
201,202,846,237,0.781163434903
202,203,805,278,0.743305632502
203,204,834,249,0.770083102493
204,205,854,229,0.788550323176
205,206,802,281,0.7405355494
206,207,827,256,0.763619575254
207,208,748,335,0.690674053555
208,209,818,265,0.755309325946
209,210,779,304,0.719298245614
210,211,822,261,0.759002770083
211,212,822,261,0.759002770083
212,213,775,308,0.715604801477
213,214,717,366,0.662049861496
214,215,816,267,0.753462603878
215,216,805,278,0.743305632502
216,217,719,364,0.663896583564
217,218,720,363,0.664819944598
218,219,632,451,0.583564173592
219,220,842,241,0.777469990766
220,221,762,321,0.703601108033
221,222,701,382,0.647276084949
222,223,720,363,0.664819944598
223,224,737,346,0.680517082179
224,225,796,287,0.734995383195
225,226,786,297,0.725761772853
226,227,732,351,0.675900277008
227,228,678,405,0.626038781163
228,229,867,216,0.80055401662
229,230,777,306,0.717451523546
230,231,804,279,0.742382271468
231,232,842,241,0.777469990766
232,233,807,276,0.745152354571
233,234,847,236,0.782086795937
234,235,774,309,0.714681440443
235,236,756,327,0.698060941828
236,237,649,434,0.599261311173
237,238,694,389,0.64081255771
238,239,764,319,0.705447830102
239,240,757,326,0.698984302862
240,241,696,387,0.642659279778
241,242,773,310,0.713758079409
242,243,742,341,0.68513388735
243,244,817,266,0.754385964912
244,245,715,368,0.660203139428
245,246,801,282,0.739612188366
246,247,735,348,0.678670360111
247,248,704,379,0.650046168052
248,249,759,324,0.700831024931
249,250,728,355,0.672206832872
250,251,721,362,0.665743305633
251,252,780,303,0.720221606648
252,253,831,252,0.767313019391
253,254,890,193,0.821791320406
254,255,756,327,0.698060941828
255,256,745,338,0.687903970452
256,257,776,307,0.716528162512
257,258,699,384,0.645429362881
258,259,727,356,0.671283471837
259,260,741,342,0.684210526316
260,261,779,304,0.719298245614
261,262,800,283,0.738688827331
262,263,822,261,0.759002770083
263,264,786,297,0.725761772853
264,265,754,329,0.69621421976
265,266,768,315,0.709141274238
266,267,765,318,0.706371191136
267,268,809,274,0.746999076639
268,269,813,270,0.750692520776
269,270,759,324,0.700831024931
270,271,670,413,0.61865189289
271,272,698,385,0.644506001847
272,273,718,365,0.66297322253
273,274,789,294,0.728531855956
274,275,796,287,0.734995383195
275,276,847,236,0.782086795937
276,277,779,304,0.719298245614
277,278,857,226,0.791320406279
278,279,844,239,0.779316712835
279,280,828,255,0.764542936288
280,281,833,250,0.769159741459
281,282,861,222,0.795013850416
282,283,867,216,0.80055401662
283,284,823,260,0.759926131117
284,285,837,246,0.772853185596
285,286,879,204,0.81163434903
286,287,852,231,0.786703601108
287,288,823,260,0.759926131117
288,289,850,233,0.78485687904
289,290,881,202,0.813481071099
290,291,850,233,0.78485687904
291,292,842,241,0.777469990766
292,293,849,234,0.783933518006
293,294,830,253,0.766389658356
294,295,859,224,0.793167128347
295,296,869,214,0.802400738689
296,297,854,229,0.788550323176
297,298,842,241,0.777469990766
298,299,845,238,0.780240073869
299,300,823,260,0.759926131117
300,301,816,267,0.753462603878
301,302,818,265,0.755309325946
302,303,845,238,0.780240073869
303,304,849,234,0.783933518006
304,305,851,232,0.785780240074
305,306,869,214,0.802400738689
306,307,864,219,0.797783933518
307,308,871,212,0.804247460757
308,309,843,240,0.778393351801
309,310,826,257,0.76269621422
310,311,851,232,0.785780240074
311,312,865,218,0.798707294552
312,313,870,213,0.803324099723
313,314,881,202,0.813481071099
314,315,856,227,0.790397045245
315,316,839,244,0.774699907664
316,317,784,299,0.723915050785
317,318,830,253,0.766389658356
318,319,866,217,0.799630655586
319,320,844,239,0.779316712835
320,321,844,239,0.779316712835
321,322,891,192,0.82271468144
322,323,846,237,0.781163434903
323,324,845,238,0.780240073869
324,325,823,260,0.759926131117
325,326,832,251,0.768236380425
326,327,829,254,0.765466297322
327,328,708,375,0.653739612188
328,329,856,227,0.790397045245
329,330,840,243,0.775623268698
330,331,852,231,0.786703601108
331,332,877,206,0.809787626962
332,333,853,230,0.787626962142
333,334,860,223,0.794090489381
334,335,851,232,0.785780240074
335,336,826,257,0.76269621422
336,337,863,220,0.796860572484
337,338,847,236,0.782086795937
338,339,864,219,0.797783933518
339,340,868,215,0.801477377655
340,341,813,270,0.750692520776
341,342,854,229,0.788550323176
342,343,857,226,0.791320406279
343,344,854,229,0.788550323176
344,345,845,238,0.780240073869
345,346,859,224,0.793167128347
346,347,868,215,0.801477377655
347,348,839,244,0.774699907664
348,349,839,244,0.774699907664
349,350,827,256,0.763619575254
350,351,886,197,0.81809787627
351,352,873,210,0.806094182825
352,353,863,220,0.796860572484
353,354,881,202,0.813481071099
354,355,827,256,0.763619575254
355,356,862,221,0.79593721145
356,357,875,208,0.807940904894
357,358,864,219,0.797783933518
358,359,872,211,0.805170821791
359,360,883,200,0.815327793167
360,361,835,248,0.771006463527
361,362,873,210,0.806094182825
362,363,864,219,0.797783933518
363,364,861,222,0.795013850416
364,365,826,257,0.76269621422
365,366,778,305,0.71837488458
366,367,890,193,0.821791320406
367,368,882,201,0.814404432133
368,369,788,295,0.727608494922
369,370,771,312,0.711911357341
370,371,861,222,0.795013850416
371,372,861,222,0.795013850416
372,373,845,238,0.780240073869
373,374,872,211,0.805170821791
374,375,909,174,0.839335180055
375,376,843,240,0.778393351801
376,377,871,212,0.804247460757
377,378,901,182,0.831948291782
378,379,900,183,0.831024930748
379,380,880,203,0.812557710065
380,381,896,187,0.827331486611
381,382,852,231,0.786703601108
382,383,868,215,0.801477377655
383,384,877,206,0.809787626962
384,385,866,217,0.799630655586
385,386,771,312,0.711911357341
386,387,868,215,0.801477377655
387,388,814,269,0.75161588181
388,389,908,175,0.838411819021
389,390,878,205,0.810710987996
390,391,832,251,0.768236380425
391,392,903,180,0.83379501385
392,393,887,196,0.819021237304
393,394,895,188,0.826408125577
394,395,846,237,0.781163434903
395,396,828,255,0.764542936288
396,397,862,221,0.79593721145
397,398,880,203,0.812557710065
398,399,891,192,0.82271468144
399,400,883,200,0.815327793167
